N 100 
0 100 100 0
1 74 136 5
2 19 168 2
3 169 163 9
4 151 98 1
5 167 185 6
6 102 107 7
7 88 88 8
8 40 73 3
9 20 77 5
10 94 43 4
11 199 27 3
12 17 108 2
13 83 142 9
14 129 129 0
15 141 167 1
16 186 3 3
17 55 31 1
18 127 105 1
19 151 125 1
20 10 67 3
21 5 7 1
22 128 83 8
23 175 143 3
24 13 93 5
25 131 34 0
26 47 10 6
27 156 98 7
28 150 167 3
29 27 138 9
30 120 30 1
31 161 164 3
32 10 48 0
33 19 100 5
34 115 169 4
35 160 98 2
36 178 91 5
37 70 135 7
38 30 35 0
39 27 8 7
40 14 73 8
41 74 21 2
42 40 160 2
43 154 199 6
44 122 120 2
45 102 17 0
46 5 156 3
47 158 6 8
48 169 113 5
49 153 24 6
50 95 69 9
51 95 72 6
52 74 115 8
53 69 53 5
54 177 176 8
55 161 170 4
56 107 7 8
57 168 74 7
58 85 193 9
59 188 29 5
60 97 54 0
61 149 10 4
62 143 35 3
63 127 114 4
64 129 133 7
65 3 101 5
66 109 126 6
67 108 168 0
68 171 16 2
69 5 47 4
70 181 162 4
71 98 152 8
72 83 177 7
73 168 47 2
74 139 81 5
75 22 167 8
76 122 187 8
77 161 166 5
78 11 76 8
79 119 76 4
80 19 156 2
81 146 63 1
82 4 74 8
83 64 120 5
84 64 166 6
85 177 69 4
86 41 105 0
87 21 133 7
88 13 48 4
89 37 55 3
90 44 175 5
91 184 10 1
92 62 104 5
93 27 10 4
94 8 52 4
95 183 34 9
96 164 92 4
97 135 118 6
98 173 9 0
99 28 9 4
