N 100 
0 100 100 3
1 159 147 9
2 187 149 3
3 143 171 4
4 193 174 0
5 194 183 9
6 80 195 9
7 70 178 2
8 176 32 2
9 139 146 9
10 119 198 0
11 161 129 4
12 2 149 8
13 147 106 2
14 188 45 6
15 194 105 9
16 95 66 6
17 119 134 3
18 187 188 4
19 40 89 4
20 157 33 1
21 98 54 9
22 27 82 4
23 106 21 6
24 133 117 1
25 182 40 9
26 51 64 6
27 112 166 7
28 78 100 4
29 74 13 1
30 41 173 4
31 18 172 6
32 99 188 5
33 187 86 5
34 145 122 2
35 14 2 1
36 114 122 0
37 38 26 3
38 61 176 3
39 173 180 9
40 126 78 0
41 44 66 9
42 133 159 0
43 182 93 2
44 140 12 8
45 66 117 1
46 103 46 5
47 15 194 7
48 156 80 3
49 98 67 7
50 47 99 6
51 63 200 6
52 74 73 1
53 83 37 5
54 129 102 0
55 137 155 4
56 140 197 5
57 100 187 0
58 82 150 5
59 184 134 3
60 49 95 3
61 12 49 0
62 114 133 8
63 156 128 1
64 120 199 1
65 165 143 0
66 171 110 9
67 106 163 7
68 183 34 7
69 146 159 9
70 0 52 5
71 34 118 0
72 15 32 6
73 159 9 7
74 136 152 6
75 43 24 2
76 18 16 4
77 118 180 7
78 150 84 4
79 132 20 4
80 190 58 7
81 50 158 2
82 119 133 0
83 156 93 9
84 90 74 0
85 5 65 7
86 87 126 6
87 131 107 4
88 106 77 4
89 52 168 8
90 66 79 3
91 32 187 6
92 119 152 3
93 128 111 2
94 123 29 1
95 102 129 6
96 65 84 8
97 196 24 7
98 179 148 8
99 198 118 1
