N 100 
0 100 100 5
1 134 164 0
2 23 91 9
3 23 81 4
4 40 200 7
5 167 111 9
6 20 196 2
7 138 119 4
8 119 94 9
9 18 8 8
10 154 13 2
11 102 33 2
12 37 162 7
13 95 29 5
14 35 53 0
15 157 85 6
16 162 186 4
17 30 158 2
18 137 15 4
19 62 64 1
20 146 47 2
21 80 2 2
22 43 150 2
23 33 46 9
24 200 179 0
25 113 24 7
26 44 35 5
27 125 85 5
28 68 4 8
29 25 18 1
30 77 162 0
31 25 13 6
32 72 138 8
33 66 4 8
34 81 37 1
35 155 129 9
36 173 190 2
37 188 96 2
38 119 67 0
39 194 39 6
40 54 29 5
41 189 107 7
42 135 178 9
43 91 159 6
44 108 4 8
45 80 166 0
46 96 9 7
47 160 122 1
48 58 90 6
49 62 78 0
50 83 48 1
51 64 112 4
52 11 183 2
53 67 62 9
54 130 169 3
55 145 125 6
56 184 100 1
57 170 50 8
58 97 36 4
59 23 150 9
60 149 107 8
61 86 26 0
62 82 182 5
63 157 159 1
64 145 32 6
65 74 69 9
66 148 173 5
67 26 74 1
68 178 92 3
69 114 109 8
70 11 139 8
71 70 137 1
72 80 111 5
73 66 192 0
74 145 193 3
75 48 198 1
76 114 65 0
77 193 104 4
78 161 63 1
79 124 147 8
80 120 195 6
81 182 101 6
82 130 72 6
83 8 55 6
84 188 53 1
85 17 6 1
86 16 65 9
87 153 133 0
88 188 192 6
89 120 128 0
90 22 186 2
91 66 43 3
92 85 156 6
93 182 159 5
94 19 178 9
95 148 116 9
96 126 87 6
97 194 186 3
98 96 12 3
99 124 89 3
