N 100 
0 100 100 9
1 179 5 8
2 121 14 0
3 190 127 5
4 85 73 8
5 77 131 8
6 169 143 4
7 102 182 0
8 101 192 8
9 149 66 4
10 96 87 9
11 12 98 5
12 11 8 5
13 184 26 2
14 88 51 0
15 163 5 3
16 192 86 2
17 0 81 2
18 157 171 7
19 95 168 2
20 20 108 0
21 32 42 1
22 148 106 9
23 111 52 4
24 0 33 5
25 7 102 5
26 159 185 0
27 46 106 6
28 86 68 2
29 24 39 7
30 182 60 2
31 91 66 1
32 168 143 1
33 145 115 6
34 122 113 8
35 16 144 7
36 132 30 1
37 23 26 8
38 145 131 8
39 91 6 7
40 178 24 1
41 174 42 9
42 101 80 2
43 185 80 2
44 155 163 4
45 179 138 3
46 40 13 2
47 63 63 3
48 32 20 1
49 65 145 2
50 13 172 5
51 177 91 3
52 87 191 6
53 119 174 6
54 129 99 9
55 189 200 1
56 160 20 7
57 199 177 1
58 196 134 7
59 57 135 0
60 142 121 0
61 187 151 7
62 70 172 9
63 39 37 2
64 5 136 2
65 114 174 2
66 43 135 8
67 149 186 7
68 97 121 7
69 185 154 8
70 56 198 5
71 180 177 0
72 27 20 9
73 97 85 6
74 52 197 4
75 60 46 3
76 192 60 5
77 167 99 4
78 31 175 0
79 99 83 9
80 7 64 4
81 129 108 4
82 86 179 7
83 137 163 8
84 105 168 6
85 194 154 3
86 172 193 4
87 190 152 7
88 94 73 0
89 27 69 9
90 146 38 5
91 112 4 7
92 135 26 0
93 143 189 4
94 42 76 2
95 91 10 4
96 60 61 0
97 185 133 9
98 100 56 8
99 67 117 3
