N 100 
0 100 100 5
1 82 181 9
2 5 50 4
3 103 45 1
4 59 43 5
5 129 193 1
6 138 185 3
7 136 68 2
8 65 135 3
9 191 123 6
10 184 161 9
11 95 186 3
12 159 155 0
13 171 18 5
14 173 70 2
15 189 42 9
16 139 116 1
17 129 138 1
18 41 76 1
19 33 24 8
20 20 167 1
21 87 145 5
22 172 17 6
23 57 5 7
24 152 186 3
25 165 119 1
26 99 55 7
27 28 91 9
28 195 145 7
29 75 137 9
30 133 67 1
31 99 45 2
32 147 24 6
33 154 178 8
34 40 104 8
35 4 23 6
36 6 177 3
37 195 129 4
38 188 86 6
39 150 46 3
40 105 148 8
41 193 123 1
42 140 170 6
43 157 65 2
44 71 121 6
45 96 28 9
46 39 68 7
47 30 34 5
48 87 160 0
49 184 176 7
50 197 157 8
51 105 102 6
52 74 72 7
53 119 139 8
54 2 41 6
55 198 182 0
56 128 41 3
57 143 47 0
58 94 146 5
59 199 166 1
60 194 121 6
61 157 43 5
62 5 136 9
63 65 90 5
64 15 140 4
65 29 129 1
66 39 114 5
67 95 13 1
68 94 158 4
69 141 195 8
70 61 36 2
71 62 137 3
72 137 171 1
73 191 99 4
74 69 171 6
75 160 167 7
76 45 12 2
77 109 185 8
78 86 60 2
79 40 71 9
80 41 164 1
81 0 57 9
82 160 88 4
83 158 38 5
84 152 58 8
85 32 46 1
86 62 153 7
87 152 13 9
88 65 42 7
89 135 190 0
90 100 54 9
91 0 124 7
92 68 124 0
93 33 32 8
94 101 200 4
95 37 123 9
96 84 101 5
97 99 37 9
98 46 123 1
99 155 42 9
