N 100 
0 100 100 8
1 95 170 5
2 136 117 4
3 174 72 6
4 71 58 7
5 158 132 5
6 0 175 1
7 123 53 5
8 80 30 4
9 11 21 0
10 60 162 9
11 161 18 4
12 7 25 7
13 183 146 0
14 166 145 0
15 180 4 1
16 142 67 1
17 121 119 3
18 91 200 8
19 43 86 5
20 16 77 8
21 2 54 0
22 156 133 5
23 195 195 6
24 5 119 0
25 145 182 6
26 127 73 5
27 41 66 9
28 155 103 3
29 58 190 2
30 146 149 6
31 35 100 8
32 83 69 5
33 170 78 1
34 89 60 4
35 183 74 9
36 87 180 8
37 170 11 0
38 158 105 6
39 12 53 9
40 163 117 7
41 26 171 7
42 114 114 0
43 84 87 4
44 173 196 5
45 143 24 8
46 79 108 6
47 66 77 4
48 170 64 6
49 0 187 7
50 49 144 4
51 121 11 1
52 43 84 6
53 164 164 5
54 43 143 0
55 97 58 9
56 101 174 0
57 42 141 3
58 50 88 8
59 180 27 5
60 188 185 8
61 41 76 3
62 58 87 0
63 115 4 2
64 179 106 4
65 149 51 0
66 163 167 1
67 119 143 6
68 168 133 1
69 36 180 8
70 25 113 0
71 15 61 6
72 60 56 5
73 100 77 3
74 31 136 7
75 118 194 5
76 10 37 3
77 113 178 0
78 85 197 5
79 174 119 0
80 12 174 6
81 153 10 0
82 35 121 1
83 109 108 4
84 57 126 0
85 116 185 7
86 58 193 5
87 174 186 7
88 168 63 8
89 177 165 6
90 39 95 8
91 168 125 8
92 188 151 4
93 81 120 0
94 179 194 7
95 81 160 3
96 53 198 7
97 110 131 1
98 55 69 1
99 72 82 7
