N 100 
0 100 100 9
1 50 18 3
2 36 87 1
3 96 79 0
4 111 94 0
5 86 156 4
6 156 199 4
7 141 43 6
8 38 94 9
9 2 24 7
10 34 129 2
11 36 187 4
12 199 90 5
13 136 168 7
14 193 175 2
15 70 32 3
16 25 74 7
17 151 130 3
18 162 133 7
19 29 188 9
20 139 108 4
21 42 118 7
22 66 182 4
23 131 145 3
24 91 63 5
25 20 200 4
26 137 179 3
27 64 79 1
28 180 14 7
29 166 153 2
30 157 103 9
31 176 57 7
32 174 156 9
33 20 83 7
34 21 166 6
35 198 55 8
36 171 145 0
37 154 74 0
38 88 127 1
39 102 102 4
40 98 140 6
41 79 77 9
42 137 114 3
43 123 47 3
44 63 117 0
45 12 44 8
46 161 13 6
47 143 107 1
48 119 145 2
49 14 194 4
50 39 129 7
51 56 65 2
52 5 75 7
53 22 177 3
54 109 9 7
55 196 6 1
56 0 62 0
57 199 165 2
58 161 10 9
59 50 96 8
60 193 61 6
61 166 35 2
62 106 135 6
63 131 133 2
64 38 88 1
65 113 44 2
66 110 157 3
67 142 47 6
68 12 109 3
69 70 58 6
70 88 192 0
71 178 64 3
72 188 58 1
73 12 80 6
74 174 144 1
75 172 39 5
76 80 121 6
77 12 120 0
78 117 21 2
79 175 56 8
80 6 44 5
81 154 154 9
82 75 155 9
83 104 33 5
84 89 48 4
85 24 154 9
86 180 70 0
87 13 194 1
88 179 71 7
89 92 36 2
90 160 40 5
91 109 162 8
92 89 126 6
93 166 168 1
94 155 2 7
95 69 119 6
96 97 86 4
97 70 11 0
98 92 125 5
99 124 163 4
