N 100 
0 100 100 2
1 141 95 0
2 161 96 9
3 33 128 6
4 15 62 1
5 90 113 5
6 2 21 6
7 152 107 1
8 153 186 2
9 111 129 6
10 139 101 0
11 162 49 9
12 16 67 7
13 185 181 8
14 82 90 6
15 184 150 5
16 35 142 0
17 71 141 1
18 4 21 4
19 1 200 4
20 34 76 0
21 155 174 8
22 17 85 3
23 35 51 3
24 160 66 7
25 164 190 2
26 8 141 2
27 150 46 2
28 121 42 2
29 120 93 6
30 29 195 0
31 8 48 3
32 149 122 2
33 158 95 7
34 161 134 9
35 116 87 3
36 45 163 2
37 142 88 4
38 192 1 5
39 113 23 7
40 152 129 7
41 121 115 5
42 42 78 7
43 85 192 2
44 6 84 6
45 95 125 8
46 186 72 8
47 54 83 5
48 58 191 7
49 6 114 4
50 180 175 9
51 93 196 7
52 63 86 2
53 20 160 0
54 130 34 0
55 151 30 5
56 44 138 6
57 196 149 6
58 75 169 1
59 95 106 2
60 45 69 7
61 115 159 6
62 7 2 4
63 102 141 6
64 7 198 0
65 113 28 6
66 122 164 0
67 131 29 2
68 183 21 0
69 179 3 1
70 80 37 2
71 126 8 0
72 1 121 3
73 161 21 3
74 149 73 9
75 131 108 5
76 32 199 6
77 177 122 2
78 129 62 6
79 168 173 3
80 132 50 8
81 194 133 9
82 174 25 7
83 99 46 4
84 141 71 9
85 64 14 5
86 124 176 6
87 110 64 6
88 64 103 4
89 22 71 8
90 133 123 1
91 56 14 4
92 153 148 8
93 106 145 1
94 1 177 9
95 89 104 6
96 149 9 3
97 27 4 3
98 87 147 2
99 158 128 5
