N 100 
0 100 100 9
1 199 76 8
2 43 12 7
3 54 108 1
4 100 6 3
5 120 127 8
6 88 72 5
7 188 126 9
8 138 103 2
9 10 46 8
10 100 146 5
11 117 80 8
12 110 73 1
13 54 38 2
14 58 143 4
15 165 93 5
16 100 135 1
17 58 100 5
18 115 110 2
19 69 157 3
20 86 47 4
21 3 148 7
22 169 17 1
23 16 18 1
24 72 10 4
25 40 8 3
26 94 146 1
27 177 167 4
28 154 91 1
29 125 40 7
30 145 40 3
31 16 8 5
32 72 97 9
33 181 33 0
34 19 89 0
35 157 19 5
36 104 147 9
37 105 122 1
38 158 22 3
39 24 153 5
40 185 67 9
41 11 169 4
42 62 136 9
43 159 91 9
44 56 134 7
45 93 18 5
46 92 79 6
47 194 155 9
48 151 28 7
49 189 50 6
50 139 198 6
51 100 197 8
52 121 65 0
53 139 70 9
54 45 170 6
55 197 146 5
56 52 158 6
57 81 110 2
58 122 29 7
59 188 121 7
60 80 175 6
61 167 98 5
62 63 142 6
63 35 8 6
64 32 188 9
65 166 193 2
66 5 119 9
67 164 154 9
68 0 50 4
69 81 133 2
70 189 92 3
71 68 16 5
72 11 25 0
73 154 104 3
74 127 77 0
75 74 34 2
76 141 40 1
77 8 72 3
78 14 52 6
79 162 49 2
80 88 48 5
81 54 39 4
82 93 81 1
83 8 144 2
84 175 150 1
85 125 54 0
86 22 83 5
87 20 114 8
88 51 77 7
89 48 73 3
90 157 71 1
91 123 180 4
92 67 126 8
93 162 79 3
94 24 160 4
95 64 181 5
96 31 29 5
97 24 157 5
98 55 160 8
99 51 141 3
