N 100 
0 100 100 5
1 139 185 0
2 138 162 6
3 200 128 2
4 17 66 6
5 39 35 7
6 153 73 5
7 27 19 0
8 88 174 3
9 88 123 2
10 52 122 9
11 143 130 6
12 135 200 1
13 69 157 2
14 162 49 8
15 68 62 6
16 198 195 5
17 87 185 4
18 170 92 1
19 153 20 4
20 105 93 7
21 3 71 8
22 24 133 2
23 81 174 6
24 146 17 0
25 5 106 5
26 83 104 6
27 70 90 5
28 127 52 4
29 200 113 0
30 56 196 6
31 181 32 3
32 121 57 4
33 19 57 0
34 194 91 5
35 165 198 5
36 95 71 9
37 91 133 5
38 172 198 8
39 11 133 1
40 71 117 7
41 52 168 4
42 174 191 1
43 82 57 4
44 69 122 5
45 121 173 1
46 138 105 7
47 93 19 2
48 108 72 7
49 19 8 7
50 75 164 7
51 163 135 1
52 163 159 7
53 143 98 5
54 139 52 9
55 35 76 0
56 73 161 7
57 92 134 9
58 55 150 8
59 167 192 2
60 34 165 4
61 51 11 7
62 149 194 7
63 30 29 0
64 67 92 6
65 116 147 4
66 192 81 4
67 19 43 6
68 21 107 2
69 22 105 9
70 116 143 4
71 25 124 7
72 17 101 3
73 148 75 0
74 186 0 8
75 132 144 7
76 102 195 7
77 183 48 6
78 43 145 6
79 159 198 8
80 17 180 5
81 138 199 6
82 126 105 2
83 27 66 2
84 193 45 9
85 9 119 9
86 14 48 4
87 55 104 5
88 18 43 3
89 120 187 9
90 8 94 4
91 2 172 2
92 171 9 4
93 86 34 9
94 70 65 8
95 180 161 3
96 135 77 2
97 49 110 8
98 198 68 6
99 92 87 6
