N 100 
0 100 100 6
1 116 34 2
2 153 86 4
3 112 188 6
4 79 30 9
5 98 85 0
6 53 140 8
7 11 107 5
8 190 44 0
9 26 118 0
10 151 49 3
11 136 29 3
12 171 101 9
13 145 142 5
14 171 195 4
15 156 50 0
16 138 194 7
17 15 9 1
18 45 108 1
19 78 136 5
20 77 194 7
21 164 174 0
22 54 88 6
23 103 182 4
24 164 107 3
25 116 93 5
26 161 140 5
27 159 104 8
28 128 128 7
29 180 180 7
30 75 123 5
31 128 61 7
32 77 14 1
33 107 82 8
34 136 72 1
35 129 50 3
36 60 185 2
37 199 34 9
38 129 7 9
39 0 22 6
40 55 172 3
41 114 104 4
42 52 69 8
43 20 128 7
44 9 152 8
45 160 91 0
46 196 14 4
47 24 85 5
48 77 162 7
49 97 104 2
50 50 138 1
51 171 116 3
52 76 98 4
53 30 78 7
54 35 153 8
55 122 137 3
56 158 143 6
57 7 183 5
58 126 146 2
59 187 5 7
60 70 58 7
61 17 177 2
62 163 170 5
63 143 180 6
64 14 137 6
65 28 10 5
66 104 187 2
67 3 73 1
68 174 55 7
69 57 122 0
70 123 77 2
71 65 163 5
72 159 113 6
73 15 35 7
74 188 166 6
75 91 101 8
76 85 195 9
77 82 0 7
78 59 70 6
79 48 134 3
80 192 86 0
81 151 46 8
82 13 190 5
83 30 4 9
84 98 170 3
85 26 178 3
86 154 47 3
87 134 34 2
88 4 53 8
89 45 152 4
90 83 119 7
91 187 134 2
92 126 152 6
93 177 183 3
94 86 94 5
95 111 97 5
96 39 152 1
97 31 63 0
98 143 124 9
99 158 20 0
