N 100 
0 100 100 8
1 143 168 1
2 168 112 2
3 95 2 0
4 47 150 0
5 98 68 9
6 38 39 5
7 139 102 2
8 183 45 6
9 178 176 4
10 59 13 5
11 56 172 7
12 130 48 5
13 30 8 2
14 69 118 4
15 137 140 7
16 39 77 7
17 120 138 0
18 78 54 6
19 102 175 3
20 148 80 4
21 195 20 4
22 97 23 9
23 58 192 2
24 95 82 6
25 52 115 6
26 117 187 5
27 2 104 8
28 119 29 5
29 68 14 6
30 63 102 4
31 133 56 4
32 25 165 9
33 109 102 9
34 7 135 4
35 149 101 4
36 98 179 4
37 33 58 2
38 163 171 3
39 49 158 9
40 155 53 1
41 148 13 4
42 3 159 3
43 16 3 4
44 82 86 6
45 199 113 3
46 23 75 0
47 66 53 0
48 145 177 4
49 35 192 7
50 177 128 9
51 115 60 8
52 144 67 9
53 85 0 1
54 40 88 3
55 129 162 5
56 186 114 7
57 183 117 5
58 195 69 6
59 73 52 9
60 158 35 1
61 56 12 1
62 40 46 3
63 158 161 7
64 169 13 5
65 5 74 0
66 177 187 8
67 153 95 3
68 166 183 3
69 178 174 5
70 99 140 8
71 123 31 4
72 127 5 5
73 72 16 1
74 129 90 1
75 60 31 4
76 114 26 8
77 23 139 3
78 38 88 2
79 101 116 8
80 173 45 4
81 118 175 9
82 91 76 5
83 176 39 1
84 184 162 1
85 30 140 5
86 193 192 6
87 75 66 8
88 112 60 2
89 95 111 0
90 193 83 3
91 197 13 9
92 40 60 3
93 154 165 5
94 46 87 0
95 6 132 3
96 94 117 7
97 125 45 6
98 113 138 8
99 3 93 9
