N 100 
0 100 100 6
1 67 151 3
2 49 57 3
3 70 162 5
4 186 0 6
5 48 120 2
6 177 31 4
7 163 3 4
8 58 119 1
9 107 10 7
10 168 173 4
11 59 50 7
12 72 18 0
13 11 26 4
14 24 30 4
15 123 96 0
16 52 187 8
17 89 92 0
18 73 123 8
19 145 151 5
20 176 149 7
21 69 104 5
22 143 72 4
23 42 183 1
24 33 188 8
25 42 55 9
26 130 8 3
27 66 114 2
28 187 27 1
29 57 41 1
30 16 41 0
31 76 93 7
32 23 198 7
33 14 189 3
34 193 127 7
35 156 118 0
36 32 120 9
37 23 116 6
38 134 2 1
39 133 61 9
40 50 53 7
41 10 139 4
42 134 74 3
43 88 50 0
44 49 94 8
45 191 167 6
46 38 175 9
47 108 194 4
48 106 10 1
49 0 118 3
50 171 156 3
51 190 63 7
52 85 166 1
53 148 102 1
54 150 120 3
55 121 121 2
56 95 148 7
57 172 44 9
58 113 136 7
59 90 14 7
60 116 122 8
61 178 123 8
62 101 153 0
63 43 61 3
64 138 70 5
65 22 195 5
66 61 81 8
67 67 77 1
68 33 117 7
69 12 137 9
70 165 78 4
71 76 44 6
72 35 77 7
73 143 27 0
74 65 119 2
75 167 131 1
76 104 2 8
77 12 73 8
78 43 114 7
79 44 6 1
80 43 154 3
81 158 123 5
82 193 70 5
83 181 45 9
84 92 62 1
85 79 59 3
86 49 9 8
87 71 51 8
88 173 40 3
89 32 5 0
90 40 159 6
91 100 166 9
92 88 198 2
93 73 52 8
94 189 20 1
95 186 65 1
96 11 58 9
97 173 10 9
98 16 31 7
99 87 172 1
