N 100 
0 100 100 5
1 148 166 3
2 155 56 2
3 17 85 7
4 108 172 7
5 113 95 2
6 145 33 4
7 132 126 0
8 163 176 3
9 82 101 5
10 27 131 9
11 115 105 9
12 14 10 7
13 74 166 9
14 2 168 5
15 133 56 1
16 57 7 4
17 124 191 6
18 27 108 2
19 23 171 9
20 103 175 9
21 151 134 2
22 72 41 2
23 17 174 8
24 139 106 8
25 117 77 6
26 175 44 1
27 195 65 4
28 179 140 7
29 92 63 2
30 124 133 4
31 40 160 2
32 14 145 9
33 88 79 4
34 27 174 6
35 167 154 4
36 20 29 2
37 81 108 5
38 117 16 1
39 195 157 5
40 170 195 5
41 94 172 3
42 56 47 7
43 131 12 1
44 66 101 7
45 45 40 6
46 181 22 7
47 193 124 2
48 131 116 4
49 122 159 8
50 195 19 3
51 4 116 5
52 118 30 1
53 112 92 7
54 196 18 5
55 127 179 0
56 140 183 2
57 37 8 2
58 174 123 4
59 27 83 1
60 143 157 1
61 28 19 4
62 2 110 2
63 70 124 4
64 168 122 3
65 16 194 0
66 118 123 0
67 38 182 5
68 27 33 7
69 197 40 3
70 123 62 9
71 58 180 4
72 121 12 3
73 164 9 2
74 59 114 1
75 10 28 0
76 61 123 0
77 32 79 2
78 19 2 2
79 7 178 7
80 183 31 4
81 86 26 4
82 103 135 2
83 57 13 2
84 121 94 9
85 52 56 6
86 139 105 3
87 147 184 2
88 27 67 5
89 4 146 2
90 105 54 4
91 160 194 4
92 56 22 5
93 130 11 2
94 61 43 9
95 69 130 0
96 56 170 2
97 41 177 0
98 120 52 4
99 84 128 4
