N 100 
0 100 100 3
1 165 160 5
2 9 101 5
3 163 190 4
4 45 113 0
5 120 9 4
6 55 142 3
7 130 177 3
8 56 200 1
9 53 30 9
10 84 84 9
11 174 170 8
12 171 113 9
13 174 38 5
14 185 72 6
15 189 117 2
16 159 98 0
17 88 162 3
18 12 102 4
19 5 1 4
20 51 10 1
21 69 138 8
22 29 182 0
23 32 122 9
24 29 51 5
25 101 129 9
26 25 181 2
27 163 119 7
28 76 8 3
29 64 1 1
30 113 46 9
31 77 87 5
32 164 118 1
33 12 81 0
34 34 188 5
35 50 47 2
36 179 199 3
37 114 44 2
38 181 161 6
39 65 24 7
40 105 28 6
41 65 73 9
42 152 25 7
43 50 42 1
44 143 13 4
45 8 78 2
46 36 147 5
47 75 180 5
48 22 7 0
49 180 11 8
50 55 94 7
51 163 197 5
52 198 105 9
53 144 98 9
54 108 147 8
55 160 175 5
56 181 6 9
57 18 22 8
58 103 139 3
59 132 182 4
60 105 119 5
61 127 65 8
62 153 29 9
63 143 4 5
64 74 88 6
65 97 182 1
66 19 11 2
67 8 107 5
68 168 179 2
69 75 143 8
70 164 143 5
71 31 189 1
72 138 28 0
73 32 4 7
74 54 39 5
75 61 79 0
76 17 179 9
77 10 177 7
78 120 59 1
79 171 5 8
80 138 25 6
81 104 11 5
82 20 200 9
83 152 35 5
84 60 43 4
85 158 36 6
86 161 60 4
87 172 92 2
88 23 55 8
89 96 180 8
90 68 74 4
91 40 130 9
92 88 155 3
93 24 84 7
94 185 84 6
95 132 30 6
96 79 14 7
97 199 57 5
98 179 94 3
99 37 0 3
