N 100 
0 100 100 8
1 168 148 8
2 132 44 0
3 15 59 6
4 200 102 3
5 99 176 0
6 196 92 2
7 157 139 8
8 179 114 1
9 153 171 4
10 169 174 8
11 7 83 2
12 96 187 8
13 197 82 2
14 120 60 8
15 108 197 1
16 195 1 1
17 63 13 3
18 124 109 5
19 100 122 9
20 53 61 2
21 113 80 6
22 191 95 8
23 100 50 6
24 150 86 9
25 53 47 0
26 83 196 3
27 122 160 3
28 184 161 8
29 5 143 4
30 132 92 2
31 154 110 8
32 157 108 5
33 16 163 3
34 21 108 8
35 126 85 1
36 111 165 1
37 41 76 6
38 68 148 7
39 34 165 4
40 142 81 0
41 159 96 2
42 160 153 0
43 151 192 7
44 21 8 4
45 56 140 4
46 153 3 1
47 40 57 8
48 121 119 3
49 166 190 2
50 68 86 6
51 154 192 7
52 102 50 8
53 88 146 8
54 196 120 8
55 12 119 8
56 133 134 9
57 103 174 2
58 183 52 2
59 15 151 0
60 106 173 1
61 30 131 2
62 163 181 9
63 200 115 1
64 62 38 7
65 198 30 3
66 88 137 2
67 116 29 3
68 130 125 7
69 81 85 1
70 191 69 3
71 40 84 3
72 46 8 7
73 51 112 1
74 140 30 4
75 75 168 2
76 165 131 4
77 195 97 2
78 184 103 6
79 65 18 5
80 196 18 2
81 15 163 1
82 180 195 1
83 176 13 7
84 175 147 8
85 119 155 3
86 184 51 0
87 63 180 8
88 121 116 1
89 85 147 9
90 32 193 7
91 158 126 4
92 74 87 1
93 50 138 6
94 196 180 5
95 51 42 9
96 184 75 1
97 61 115 5
98 175 123 1
99 144 58 5
