N 100 
0 100 100 3
1 17 134 1
2 130 186 3
3 2 155 2
4 138 158 9
5 76 153 0
6 178 129 1
7 18 157 2
8 11 71 4
9 144 54 5
10 65 19 1
11 162 65 8
12 106 195 9
13 172 189 5
14 18 173 0
15 160 121 4
16 163 196 4
17 165 145 2
18 22 153 6
19 8 77 6
20 78 116 1
21 16 111 6
22 110 112 8
23 172 122 0
24 110 127 4
25 92 139 7
26 42 35 1
27 91 81 8
28 34 182 1
29 84 182 0
30 126 135 9
31 83 17 3
32 158 107 0
33 165 184 9
34 78 165 2
35 103 57 3
36 35 177 5
37 190 131 2
38 16 155 9
39 135 78 5
40 14 187 0
41 161 148 9
42 82 46 9
43 55 185 1
44 40 83 6
45 75 43 0
46 179 60 2
47 66 77 5
48 82 130 5
49 140 23 1
50 122 167 7
51 20 50 7
52 118 94 5
53 25 50 5
54 155 7 4
55 78 144 7
56 47 5 0
57 24 149 1
58 49 4 0
59 95 83 7
60 191 130 0
61 183 195 9
62 118 156 6
63 10 168 9
64 85 183 5
65 21 132 8
66 163 110 4
67 74 136 2
68 153 41 3
69 199 7 7
70 102 95 1
71 20 152 3
72 26 196 6
73 57 79 1
74 126 131 2
75 153 24 3
76 181 31 0
77 32 136 3
78 131 106 1
79 15 7 2
80 167 33 0
81 39 0 8
82 5 33 3
83 143 29 5
84 38 131 3
85 148 129 1
86 52 53 8
87 156 200 2
88 154 120 7
89 8 190 0
90 31 53 9
91 113 58 2
92 170 173 9
93 171 119 4
94 197 128 1
95 108 198 6
96 104 191 3
97 31 132 4
98 20 180 5
99 64 56 6
