N 100 
0 100 100 6
1 176 162 7
2 12 94 4
3 48 14 0
4 160 33 9
5 51 50 8
6 197 152 0
7 140 51 4
8 107 13 6
9 151 13 9
10 180 112 1
11 77 136 9
12 93 147 3
13 87 60 9
14 61 4 7
15 146 160 4
16 177 49 2
17 10 171 1
18 164 81 8
19 141 116 7
20 72 192 2
21 92 1 1
22 105 4 1
23 32 7 2
24 81 57 1
25 82 43 4
26 93 111 6
27 172 140 5
28 159 69 9
29 152 121 2
30 123 189 3
31 139 73 1
32 74 191 2
33 133 145 7
34 33 26 2
35 113 138 2
36 192 168 8
37 169 158 1
38 14 157 4
39 113 90 1
40 31 81 4
41 54 157 6
42 121 22 3
43 168 143 6
44 17 181 1
45 9 167 5
46 170 184 4
47 3 178 4
48 161 26 3
49 0 171 1
50 92 33 9
51 174 93 9
52 106 155 8
53 135 55 9
54 71 124 4
55 43 166 4
56 167 101 8
57 75 86 8
58 148 71 7
59 198 2 4
60 111 56 4
61 35 34 4
62 119 28 5
63 107 176 4
64 73 129 3
65 135 132 8
66 21 152 5
67 26 61 9
68 75 169 0
69 88 67 1
70 108 24 0
71 13 29 2
72 128 146 7
73 200 181 9
74 182 143 9
75 154 51 3
76 131 135 5
77 41 155 9
78 2 69 0
79 19 130 3
80 148 122 1
81 90 81 3
82 166 197 4
83 27 52 2
84 4 176 8
85 58 80 8
86 111 116 1
87 98 45 4
88 119 197 8
89 45 52 3
90 138 64 1
91 186 10 8
92 102 52 4
93 123 50 3
94 94 86 5
95 35 2 9
96 166 81 4
97 21 131 2
98 153 190 7
99 103 88 0
