N 100 
0 100 100 0 0 
1 60 25 5 0 
2 65 121 6 0 
3 129 140 0 4 
4 166 197 8 8 
5 162 8 7 1 
6 45 57 2 5 
7 48 102 2 8 
8 138 120 8 6 
9 150 76 0 1 
10 138 192 4 4 
11 142 180 5 1 
12 147 73 7 8 
13 143 14 3 3 
14 50 83 3 0 
15 21 103 1 4 
16 73 13 6 1 
17 145 65 4 6 
18 138 62 2 0 
19 13 77 8 8 
20 51 147 4 1 
21 18 79 6 6 
22 133 133 3 8 
23 32 168 6 7 
24 193 197 5 3 
25 22 6 6 5 
26 89 89 7 5 
27 160 99 5 4 
28 75 68 4 3 
29 88 12 5 7 
30 139 171 4 8 
31 99 157 4 6 
32 177 148 0 5 
33 138 121 3 6 
34 120 6 1 6 
35 177 130 4 2 
36 152 91 7 5 
37 195 6 1 5 
38 154 167 3 1 
39 70 145 3 0 
40 191 10 0 1 
41 16 86 3 2 
42 187 141 8 3 
43 81 84 5 0 
44 106 141 4 6 
45 182 6 1 7 
46 113 105 4 2 
47 144 22 1 5 
48 166 28 0 4 
49 52 56 3 0 
50 181 160 4 4 
51 153 81 2 1 
52 71 47 1 1 
53 182 184 0 7 
54 70 116 8 2 
55 26 142 0 6 
56 167 194 1 8 
57 65 197 2 2 
58 54 108 8 6 
59 18 53 0 0 
60 66 31 4 8 
61 30 186 6 0 
62 154 146 1 0 
63 69 70 1 2 
64 169 154 5 1 
65 101 94 6 2 
66 156 183 2 5 
67 143 197 3 2 
68 154 173 3 6 
69 170 22 0 2 
70 63 52 5 7 
71 58 148 7 7 
72 16 129 4 3 
73 46 97 0 1 
74 184 90 7 4 
75 35 5 5 7 
76 13 64 3 0 
77 24 77 7 4 
78 92 150 2 0 
79 15 80 6 4 
80 0 139 2 3 
81 145 79 7 3 
82 173 110 5 4 
83 151 4 0 8 
84 175 70 4 2 
85 160 37 8 8 
86 197 59 0 3 
87 39 64 7 2 
88 66 145 6 4 
89 29 149 8 8 
90 152 48 8 6 
91 53 173 7 8 
92 1 29 1 3 
93 52 38 8 1 
94 85 93 8 1 
95 200 13 6 4 
96 19 91 6 1 
97 27 124 7 0 
98 56 188 2 4 
99 59 18 3 4 
