N 100 
0 100 100 6 1 
1 13 111 3 2 
2 92 179 5 2 
3 142 27 0 3 
4 187 151 7 4 
5 84 67 1 5 
6 143 111 5 0 
7 39 42 7 3 
8 94 183 2 2 
9 45 59 2 0 
10 108 56 1 8 
11 10 56 8 5 
12 129 110 5 5 
13 37 17 3 8 
14 101 76 2 3 
15 77 4 2 0 
16 148 104 8 6 
17 71 106 0 2 
18 15 194 3 7 
19 98 153 7 6 
20 111 31 5 8 
21 152 142 0 2 
22 109 64 4 1 
23 119 61 1 6 
24 155 65 2 5 
25 104 97 8 8 
26 90 76 2 6 
27 155 105 4 3 
28 79 92 8 3 
29 146 189 2 6 
30 158 97 7 0 
31 177 186 5 7 
32 47 69 2 6 
33 121 155 6 1 
34 58 8 3 4 
35 70 172 4 1 
36 21 130 6 3 
37 25 82 8 2 
38 9 100 3 0 
39 190 56 6 7 
40 186 38 2 3 
41 35 108 6 5 
42 20 130 5 3 
43 9 19 5 3 
44 143 81 3 4 
45 118 37 4 5 
46 90 130 3 4 
47 3 76 4 4 
48 139 41 4 5 
49 187 130 3 7 
50 190 139 3 1 
51 122 117 7 0 
52 160 142 1 6 
53 91 194 5 2 
54 121 137 6 5 
55 156 195 0 3 
56 197 42 0 0 
57 93 38 6 8 
58 131 49 7 5 
59 10 96 0 0 
60 147 170 5 1 
61 47 124 8 3 
62 179 59 6 5 
63 191 152 8 3 
64 177 159 5 4 
65 101 11 8 1 
66 31 144 3 2 
67 104 147 1 7 
68 1 16 4 8 
69 187 115 2 5 
70 148 109 8 7 
71 133 199 8 3 
72 25 148 6 5 
73 92 200 2 4 
74 200 150 7 3 
75 170 81 8 8 
76 90 157 8 8 
77 53 103 2 5 
78 91 119 7 2 
79 44 162 8 1 
80 86 175 2 4 
81 43 71 1 4 
82 73 106 7 2 
83 143 131 4 2 
84 9 175 4 2 
85 185 81 8 6 
86 138 107 5 3 
87 29 177 4 7 
88 23 168 2 2 
89 25 141 5 3 
90 4 191 5 8 
91 132 57 0 2 
92 179 45 6 5 
93 107 119 8 8 
94 95 89 6 7 
95 189 95 4 2 
96 135 133 2 6 
97 147 67 4 5 
98 30 59 0 6 
99 194 165 4 1 
