N 100 
0 100 100 0 5 
1 40 54 1 7 
2 179 161 1 3 
3 102 154 3 0 
4 51 112 2 3 
5 193 38 2 6 
6 80 152 2 8 
7 91 96 3 1 
8 153 62 2 7 
9 66 73 5 0 
10 43 53 3 8 
11 102 7 3 0 
12 119 105 6 0 
13 99 41 0 1 
14 163 184 1 6 
15 63 163 5 3 
16 146 175 0 5 
17 128 145 3 1 
18 177 141 1 5 
19 52 191 1 5 
20 55 93 0 7 
21 4 147 2 4 
22 107 44 7 2 
23 141 134 4 8 
24 117 27 0 3 
25 185 193 2 8 
26 104 128 2 0 
27 18 160 3 8 
28 187 179 7 1 
29 62 152 7 0 
30 186 28 5 2 
31 55 182 1 5 
32 110 134 4 0 
33 157 145 2 6 
34 82 36 2 3 
35 25 4 0 8 
36 29 25 0 3 
37 85 196 4 0 
38 76 188 6 4 
39 70 18 6 8 
40 79 19 4 0 
41 61 74 5 8 
42 80 77 3 0 
43 97 54 2 3 
44 102 12 5 6 
45 141 35 6 7 
46 152 153 0 1 
47 136 157 3 2 
48 62 73 1 4 
49 81 101 8 3 
50 3 174 8 4 
51 198 24 7 2 
52 148 186 2 6 
53 54 148 7 2 
54 68 131 3 5 
55 145 123 3 8 
56 91 76 8 7 
57 78 7 7 8 
58 187 85 8 7 
59 115 147 3 7 
60 136 75 4 8 
61 53 127 8 3 
62 153 59 0 3 
63 182 142 7 6 
64 15 50 3 2 
65 136 161 0 2 
66 143 135 0 5 
67 198 64 7 0 
68 177 167 4 5 
69 170 173 1 7 
70 139 81 6 5 
71 139 175 5 4 
72 137 112 8 3 
73 34 12 6 2 
74 44 177 5 3 
75 60 51 7 5 
76 142 139 3 4 
77 102 106 8 0 
78 117 41 5 0 
79 66 130 4 2 
80 178 87 5 7 
81 145 167 6 4 
82 72 86 2 3 
83 130 174 7 5 
84 49 146 1 6 
85 156 193 8 4 
86 50 155 3 1 
87 173 158 2 0 
88 80 187 4 1 
89 56 139 3 2 
90 104 106 4 0 
91 93 185 1 3 
92 58 50 5 3 
93 30 129 2 3 
94 170 49 4 0 
95 156 98 7 6 
96 140 152 0 3 
97 31 126 1 6 
98 22 136 3 0 
99 200 175 3 2 
