N 100 
0 100 100 6 5 
1 153 67 1 8 
2 108 42 8 0 
3 18 134 4 4 
4 157 64 0 5 
5 157 147 7 8 
6 79 21 6 6 
7 31 91 7 7 
8 157 34 5 8 
9 124 143 3 0 
10 19 6 1 4 
11 154 104 7 7 
12 23 196 2 4 
13 113 83 4 6 
14 25 125 1 4 
15 131 147 5 6 
16 138 27 5 5 
17 60 157 1 5 
18 151 87 3 6 
19 189 2 0 0 
20 66 148 4 1 
21 27 37 5 5 
22 192 11 3 5 
23 8 196 7 6 
24 45 99 1 5 
25 71 13 5 3 
26 161 48 2 2 
27 131 187 0 5 
28 46 91 6 6 
29 9 146 2 7 
30 49 14 4 2 
31 160 111 8 5 
32 131 25 0 0 
33 194 175 8 0 
34 171 77 2 1 
35 49 60 7 1 
36 172 142 7 1 
37 113 135 5 2 
38 35 131 8 0 
39 86 81 7 8 
40 166 108 7 8 
41 70 132 7 5 
42 143 0 4 1 
43 183 46 1 0 
44 77 15 5 5 
45 41 135 0 6 
46 115 112 4 5 
47 175 164 1 0 
48 43 47 4 0 
49 6 167 6 1 
50 97 107 1 5 
51 11 169 3 6 
52 162 129 2 2 
53 142 138 6 3 
54 56 111 8 2 
55 121 3 1 6 
56 15 79 8 5 
57 11 30 8 5 
58 171 126 2 5 
59 80 167 6 2 
60 129 9 1 5 
61 45 28 0 5 
62 76 148 6 1 
63 70 7 1 6 
64 162 15 7 3 
65 162 175 7 3 
66 102 124 2 5 
67 114 190 6 6 
68 58 194 4 8 
69 137 190 8 1 
70 50 58 6 4 
71 22 195 7 7 
72 56 37 4 1 
73 105 162 3 5 
74 82 12 6 1 
75 133 157 6 7 
76 55 113 7 5 
77 102 8 8 3 
78 181 108 7 3 
79 64 197 6 5 
80 114 72 2 2 
81 9 147 7 2 
82 127 147 6 1 
83 137 62 6 0 
84 60 185 3 1 
85 79 85 7 7 
86 69 72 8 4 
87 80 12 2 2 
88 108 60 3 0 
89 15 27 8 1 
90 18 115 7 1 
91 47 63 8 0 
92 57 31 8 8 
93 63 64 8 3 
94 164 24 5 7 
95 180 126 4 6 
96 45 182 3 5 
97 169 0 1 2 
98 50 114 1 0 
99 24 29 7 0 
