N 100 
0 100 100 0 4 
1 113 27 7 8 
2 90 162 8 4 
3 51 42 1 0 
4 170 136 3 6 
5 76 59 2 4 
6 11 66 1 4 
7 8 57 6 4 
8 183 30 8 1 
9 53 157 8 1 
10 129 94 7 8 
11 75 68 6 8 
12 117 182 8 2 
13 18 180 8 3 
14 99 68 4 7 
15 60 168 8 0 
16 52 173 0 5 
17 174 181 2 8 
18 61 161 7 3 
19 123 29 1 0 
20 77 200 0 3 
21 194 189 1 2 
22 119 56 8 1 
23 127 128 0 7 
24 186 125 1 0 
25 118 61 5 0 
26 190 22 0 7 
27 133 17 5 3 
28 81 187 1 4 
29 28 81 0 2 
30 151 157 8 0 
31 10 157 4 0 
32 149 15 0 7 
33 158 21 1 5 
34 95 35 5 2 
35 179 60 1 7 
36 7 98 4 5 
37 36 187 3 6 
38 123 190 3 4 
39 96 79 4 7 
40 106 131 3 7 
41 48 24 1 8 
42 12 57 1 2 
43 71 108 0 6 
44 7 176 4 7 
45 24 99 8 4 
46 64 34 5 2 
47 81 7 4 5 
48 107 120 1 4 
49 168 158 8 0 
50 21 18 8 7 
51 139 190 3 7 
52 112 28 2 5 
53 112 183 0 8 
54 81 74 8 2 
55 123 73 2 3 
56 162 157 0 1 
57 186 153 5 6 
58 77 21 8 6 
59 35 160 5 8 
60 108 83 7 5 
61 123 25 0 6 
62 5 68 1 8 
63 172 78 3 4 
64 97 70 1 2 
65 128 98 5 7 
66 175 100 1 0 
67 180 79 1 2 
68 83 45 8 0 
69 124 94 3 1 
70 130 28 8 5 
71 77 188 3 2 
72 113 195 4 1 
73 67 156 1 0 
74 155 145 0 1 
75 105 164 4 7 
76 170 197 5 1 
77 179 165 1 7 
78 65 108 4 0 
79 47 134 3 5 
80 91 138 0 7 
81 187 78 8 5 
82 153 114 1 5 
83 123 179 0 6 
84 6 85 8 0 
85 145 189 0 1 
86 114 68 0 1 
87 69 21 6 8 
88 133 149 5 2 
89 199 74 8 6 
90 37 107 3 4 
91 61 150 8 1 
92 180 48 7 2 
93 101 168 4 5 
94 141 117 0 8 
95 66 51 3 0 
96 94 164 4 0 
97 18 131 4 2 
98 101 13 4 7 
99 117 44 1 5 
