N 100 
0 100 100 2 1 
1 186 130 8 1 
2 83 33 1 7 
3 99 102 0 5 
4 89 83 1 7 
5 127 116 1 7 
6 136 80 4 5 
7 160 111 3 0 
8 29 170 0 5 
9 82 191 2 2 
10 101 74 1 5 
11 99 96 0 4 
12 86 141 7 4 
13 162 1 6 3 
14 89 26 7 8 
15 153 193 8 6 
16 105 119 0 3 
17 154 106 2 8 
18 5 178 7 6 
19 81 198 0 3 
20 34 4 3 0 
21 170 15 5 4 
22 184 46 4 1 
23 65 47 3 8 
24 8 1 0 2 
25 52 121 0 0 
26 65 117 0 0 
27 158 60 4 0 
28 41 181 7 8 
29 126 179 7 4 
30 24 139 2 4 
31 56 162 7 3 
32 150 35 7 7 
33 154 48 3 1 
34 182 187 6 7 
35 172 130 2 6 
36 146 1 0 8 
37 140 63 1 3 
38 145 153 4 2 
39 123 18 2 8 
40 22 126 7 4 
41 162 186 2 5 
42 103 159 8 0 
43 190 78 7 6 
44 40 163 1 7 
45 177 179 0 2 
46 44 17 4 1 
47 184 137 7 1 
48 129 89 7 2 
49 161 78 5 8 
50 74 20 2 7 
51 163 70 5 2 
52 56 130 7 6 
53 122 15 5 0 
54 115 191 2 1 
55 200 28 3 8 
56 11 45 7 3 
57 36 56 3 5 
58 44 51 6 8 
59 63 100 4 6 
60 178 189 2 6 
61 3 20 6 3 
62 121 173 8 0 
63 85 80 4 8 
64 66 91 8 3 
65 32 36 2 5 
66 82 196 0 2 
67 31 5 7 8 
68 181 21 6 1 
69 196 149 5 7 
70 126 181 7 7 
71 0 170 0 3 
72 21 162 3 0 
73 110 53 8 8 
74 196 38 3 3 
75 65 18 5 4 
76 163 107 8 0 
77 191 66 5 3 
78 133 140 3 4 
79 56 101 6 0 
80 129 196 6 6 
81 177 120 6 5 
82 152 177 2 6 
83 68 47 8 7 
84 41 117 1 7 
85 52 13 0 7 
86 18 109 0 6 
87 104 28 6 2 
88 197 27 5 1 
89 180 99 1 7 
90 157 195 0 1 
91 38 107 4 6 
92 145 84 2 6 
93 143 192 6 2 
94 15 117 3 7 
95 161 118 6 3 
96 28 154 0 2 
97 59 183 2 7 
98 133 43 7 7 
99 181 9 6 6 
