N 100 
0 100 100 2 8 
1 6 164 8 2 
2 150 151 3 4 
3 168 130 5 3 
4 65 14 1 8 
5 127 108 0 2 
6 162 81 1 2 
7 157 191 6 7 
8 24 96 0 5 
9 30 113 8 0 
10 150 73 6 0 
11 121 32 0 1 
12 9 5 8 5 
13 28 95 8 0 
14 109 70 0 6 
15 31 46 5 1 
16 3 146 7 3 
17 32 72 5 8 
18 67 47 7 5 
19 131 194 1 4 
20 185 27 4 1 
21 157 132 5 0 
22 16 186 4 2 
23 176 35 2 4 
24 71 197 4 8 
25 6 39 5 7 
26 119 122 8 5 
27 158 170 8 5 
28 81 20 3 1 
29 171 149 6 8 
30 7 23 4 6 
31 79 157 0 8 
32 98 140 4 6 
33 128 167 3 7 
34 118 78 1 2 
35 160 169 0 2 
36 1 64 6 8 
37 111 155 6 4 
38 131 4 6 3 
39 103 51 2 5 
40 68 195 7 0 
41 132 170 3 5 
42 180 67 1 7 
43 176 95 4 2 
44 114 128 4 7 
45 125 29 4 0 
46 62 42 1 7 
47 29 150 7 1 
48 168 26 6 3 
49 125 132 0 3 
50 71 129 8 3 
51 74 77 6 7 
52 145 11 0 1 
53 142 148 7 6 
54 145 109 0 3 
55 159 12 8 2 
56 72 36 2 6 
57 82 51 6 7 
58 62 193 7 1 
59 47 45 7 6 
60 102 75 0 4 
61 102 119 1 3 
62 157 187 8 6 
63 109 60 2 1 
64 0 193 2 4 
65 97 77 1 6 
66 49 40 1 4 
67 87 176 3 8 
68 186 99 8 7 
69 106 88 4 0 
70 53 132 7 4 
71 91 24 8 7 
72 184 195 8 0 
73 40 84 3 0 
74 112 157 0 5 
75 164 11 4 6 
76 71 76 7 0 
77 175 47 5 3 
78 167 168 6 7 
79 159 163 8 7 
80 123 153 6 8 
81 56 188 3 8 
82 9 85 8 4 
83 140 117 6 0 
84 52 68 7 0 
85 149 181 4 1 
86 1 10 1 8 
87 57 37 0 5 
88 136 174 5 3 
89 5 185 8 7 
90 129 133 1 7 
91 128 24 4 2 
92 110 26 3 6 
93 140 143 7 1 
94 191 193 3 5 
95 58 188 5 4 
96 17 198 3 4 
97 71 182 6 4 
98 50 21 7 0 
99 83 177 2 1 
