N 100 
0 100 100 1 0 
1 113 56 4 0 
2 44 191 2 3 
3 139 4 0 2 
4 136 178 5 1 
5 1 74 8 2 
6 107 103 3 0 
7 181 39 8 2 
8 174 66 6 0 
9 198 41 6 5 
10 2 172 6 3 
11 34 17 4 6 
12 12 114 1 5 
13 106 81 8 6 
14 153 115 0 7 
15 59 33 1 4 
16 50 155 6 1 
17 182 87 3 0 
18 96 130 3 1 
19 136 118 4 8 
20 101 153 8 5 
21 65 178 5 2 
22 115 19 2 5 
23 38 80 0 2 
24 196 12 1 4 
25 0 76 0 4 
26 63 133 5 7 
27 0 35 8 6 
28 61 134 0 4 
29 133 54 2 1 
30 60 11 6 1 
31 40 165 1 6 
32 171 94 8 7 
33 128 108 5 0 
34 151 55 5 3 
35 29 152 0 8 
36 98 178 5 2 
37 61 66 6 1 
38 141 143 1 0 
39 170 129 4 5 
40 72 28 8 2 
41 29 4 8 0 
42 197 26 0 3 
43 68 0 2 7 
44 118 55 0 8 
45 130 152 6 7 
46 131 96 7 1 
47 94 32 8 6 
48 139 46 6 5 
49 175 133 7 8 
50 116 12 2 7 
51 74 106 8 0 
52 74 105 5 4 
53 160 160 1 8 
54 112 161 3 0 
55 172 168 0 5 
56 152 198 8 5 
57 55 85 0 6 
58 116 174 3 5 
59 111 73 8 0 
60 41 39 5 8 
61 148 199 0 6 
62 112 58 5 4 
63 75 3 0 2 
64 119 109 2 5 
65 95 149 3 7 
66 114 65 1 6 
67 141 38 7 1 
68 39 78 3 8 
69 3 57 7 6 
70 76 117 6 8 
71 189 121 2 8 
72 61 96 4 3 
73 167 169 2 3 
74 146 124 6 4 
75 163 43 1 4 
76 121 132 3 4 
77 28 101 6 0 
78 3 106 5 7 
79 119 118 2 3 
80 51 40 2 8 
81 197 34 6 5 
82 18 172 4 6 
83 115 185 8 6 
84 45 35 6 5 
85 92 39 3 7 
86 172 161 6 4 
87 114 23 8 3 
88 11 124 7 8 
89 97 6 0 1 
90 169 40 1 0 
91 179 101 2 7 
92 108 122 1 6 
93 6 193 3 4 
94 44 128 5 0 
95 82 91 8 0 
96 17 38 0 8 
97 167 108 8 7 
98 189 94 5 4 
99 164 115 0 4 
