N 100 
0 100 100 7 5 
1 145 151 4 1 
2 32 55 0 6 
3 114 135 4 8 
4 148 45 0 5 
5 170 62 6 6 
6 83 6 8 8 
7 116 55 8 7 
8 189 196 4 6 
9 109 132 6 7 
10 68 18 1 1 
11 76 44 2 3 
12 80 137 8 6 
13 180 24 8 4 
14 108 43 1 1 
15 190 54 8 3 
16 89 16 3 6 
17 72 132 6 5 
18 41 54 3 8 
19 97 28 7 8 
20 101 2 8 3 
21 94 114 7 4 
22 13 161 4 8 
23 72 144 5 2 
24 57 189 6 4 
25 147 17 5 5 
26 61 106 0 0 
27 15 9 7 4 
28 29 123 8 0 
29 69 78 0 4 
30 170 161 0 5 
31 100 128 0 4 
32 182 185 4 0 
33 84 30 0 7 
34 107 5 4 3 
35 173 113 8 0 
36 197 35 6 8 
37 128 150 1 5 
38 180 71 6 5 
39 108 165 6 6 
40 150 195 8 8 
41 106 153 8 6 
42 118 45 4 8 
43 83 182 0 7 
44 61 199 0 7 
45 94 184 7 2 
46 47 145 6 5 
47 34 112 8 5 
48 101 125 6 8 
49 97 49 4 1 
50 12 176 1 6 
51 10 40 1 4 
52 140 68 3 5 
53 4 5 1 1 
54 13 75 2 4 
55 118 67 5 2 
56 185 129 7 0 
57 179 164 0 5 
58 34 195 6 7 
59 92 128 5 4 
60 166 20 6 6 
61 68 162 0 3 
62 189 139 5 6 
63 173 110 0 4 
64 2 99 4 5 
65 158 133 7 4 
66 14 56 7 0 
67 31 2 5 2 
68 136 27 5 2 
69 172 90 5 7 
70 165 145 2 5 
71 72 35 6 7 
72 149 84 1 3 
73 88 32 5 2 
74 31 54 7 0 
75 194 141 3 6 
76 95 86 3 7 
77 119 155 1 0 
78 107 90 3 7 
79 6 19 1 7 
80 155 181 4 1 
81 150 104 8 7 
82 147 153 8 2 
83 38 23 6 7 
84 183 179 4 0 
85 44 67 4 0 
86 178 82 3 0 
87 194 152 0 6 
88 146 24 5 4 
89 61 112 0 4 
90 27 140 0 5 
91 45 37 7 8 
92 169 56 5 1 
93 36 77 7 1 
94 94 100 8 4 
95 52 5 5 7 
96 113 160 3 4 
97 93 118 4 4 
98 119 167 3 4 
99 106 117 1 6 
