N 100 
0 100 100 6 3 
1 31 37 2 4 
2 108 59 7 2 
3 102 142 6 3 
4 176 122 5 7 
5 147 149 2 4 
6 149 104 5 2 
7 26 28 3 8 
8 76 82 4 7 
9 152 179 2 1 
10 131 5 8 2 
11 181 106 2 8 
12 113 18 2 5 
13 45 30 0 1 
14 105 81 4 1 
15 82 161 7 1 
16 36 160 2 4 
17 56 172 2 8 
18 31 65 5 8 
19 147 20 6 7 
20 37 159 1 2 
21 153 179 1 5 
22 182 124 0 1 
23 83 165 7 6 
24 141 100 1 8 
25 180 114 3 8 
26 71 7 4 2 
27 190 75 1 7 
28 148 64 0 8 
29 142 150 5 2 
30 138 41 1 7 
31 76 174 6 0 
32 124 31 5 4 
33 23 15 7 3 
34 41 11 2 5 
35 183 102 1 6 
36 148 122 7 4 
37 187 159 3 8 
38 200 94 2 1 
39 185 68 6 5 
40 168 174 2 0 
41 144 121 4 2 
42 150 57 6 3 
43 104 91 1 5 
44 134 104 7 8 
45 62 199 0 2 
46 68 35 5 4 
47 200 190 7 1 
48 72 71 1 6 
49 112 67 1 7 
50 60 44 5 4 
51 166 184 8 2 
52 192 182 4 0 
53 155 113 3 2 
54 11 169 4 8 
55 144 53 5 7 
56 77 157 4 8 
57 1 75 6 1 
58 15 4 0 4 
59 171 4 1 2 
60 98 105 5 0 
61 94 93 2 1 
62 123 192 8 7 
63 131 93 0 2 
64 88 25 3 6 
65 62 176 3 8 
66 27 166 2 7 
67 100 193 1 7 
68 199 138 4 1 
69 194 114 5 0 
70 155 130 8 0 
71 29 93 0 4 
72 78 120 3 8 
73 28 49 4 5 
74 56 143 1 0 
75 82 125 1 0 
76 9 98 1 6 
77 95 197 0 2 
78 178 184 4 6 
79 116 86 1 5 
80 171 145 4 1 
81 87 115 7 8 
82 127 179 2 6 
83 98 84 2 7 
84 199 120 8 4 
85 97 114 7 1 
86 111 82 7 1 
87 193 121 0 6 
88 146 133 2 4 
89 184 13 6 1 
90 173 197 6 3 
91 130 109 3 7 
92 84 132 7 6 
93 12 30 5 7 
94 7 165 4 8 
95 118 196 3 4 
96 157 101 3 1 
97 37 137 4 5 
98 33 105 8 2 
99 94 18 6 4 
