N 100 
0 100 100 0 8 
1 20 123 8 2 
2 5 74 1 4 
3 143 181 0 2 
4 12 36 3 4 
5 74 156 7 4 
6 185 175 0 6 
7 139 146 8 5 
8 107 147 4 1 
9 136 140 1 0 
10 140 22 3 4 
11 156 14 7 3 
12 132 130 6 1 
13 139 182 4 7 
14 3 14 7 4 
15 106 189 6 2 
16 164 132 4 6 
17 17 166 4 6 
18 79 167 7 6 
19 172 198 2 3 
20 150 182 2 0 
21 93 127 1 3 
22 145 84 5 2 
23 125 29 4 1 
24 36 2 8 4 
25 127 183 6 1 
26 71 84 1 6 
27 115 53 6 3 
28 98 98 3 4 
29 135 102 4 2 
30 82 59 7 2 
31 39 198 2 5 
32 121 72 1 7 
33 99 62 5 3 
34 149 75 7 1 
35 72 46 1 5 
36 27 7 4 1 
37 134 117 8 7 
38 159 175 0 7 
39 176 126 7 8 
40 153 83 2 3 
41 13 198 6 4 
42 133 90 8 4 
43 39 16 4 3 
44 200 134 8 7 
45 162 21 8 4 
46 150 165 1 4 
47 31 134 6 0 
48 131 59 7 5 
49 107 70 0 3 
50 103 155 6 8 
51 44 180 0 3 
52 32 37 2 1 
53 116 130 8 1 
54 71 142 3 0 
55 175 64 8 5 
56 200 61 5 2 
57 195 105 4 2 
58 14 136 4 0 
59 84 112 5 7 
60 20 140 2 4 
61 69 60 2 1 
62 9 28 5 7 
63 75 26 8 0 
64 71 125 4 2 
65 87 189 3 7 
66 191 195 5 7 
67 155 15 1 0 
68 109 29 1 2 
69 46 65 4 1 
70 137 167 3 7 
71 191 73 6 0 
72 37 101 8 6 
73 30 162 4 0 
74 61 43 7 2 
75 178 108 0 7 
76 124 186 2 4 
77 54 152 6 0 
78 123 172 3 6 
79 170 103 0 1 
80 128 14 7 3 
81 27 44 3 4 
82 12 54 8 4 
83 144 115 7 1 
84 152 192 0 8 
85 47 65 2 8 
86 45 1 5 2 
87 140 4 3 4 
88 20 6 0 1 
89 61 134 0 5 
90 197 195 1 6 
91 92 174 1 4 
92 76 11 4 2 
93 167 74 6 4 
94 33 195 8 1 
95 147 146 7 8 
96 172 103 5 1 
97 165 138 2 4 
98 2 15 8 4 
99 149 104 3 7 
