N 100 
0 100 100 4 8 
1 82 189 4 6 
2 12 150 6 3 
3 105 186 6 0 
4 69 20 5 0 
5 102 129 6 7 
6 78 65 1 3 
7 184 191 3 7 
8 3 82 8 4 
9 85 156 0 8 
10 59 32 1 2 
11 118 4 5 0 
12 13 7 0 8 
13 160 39 7 3 
14 65 113 2 7 
15 186 90 0 1 
16 44 71 3 7 
17 199 65 1 5 
18 171 17 0 2 
19 189 59 6 5 
20 117 141 3 8 
21 136 154 2 1 
22 68 164 4 8 
23 121 163 7 4 
24 95 13 7 6 
25 127 116 7 1 
26 60 59 4 3 
27 127 140 4 0 
28 31 125 0 3 
29 58 74 2 1 
30 64 114 4 2 
31 109 64 5 7 
32 23 21 8 2 
33 148 181 0 5 
34 191 9 0 1 
35 60 62 8 1 
36 105 57 3 5 
37 119 64 2 7 
38 145 125 5 0 
39 149 67 6 4 
40 2 191 6 0 
41 91 190 6 0 
42 191 26 4 8 
43 191 2 1 2 
44 0 188 3 8 
45 159 169 1 5 
46 171 82 8 7 
47 96 68 5 4 
48 65 49 2 0 
49 168 32 2 4 
50 78 35 0 7 
51 5 90 3 0 
52 51 75 3 4 
53 99 80 2 7 
54 195 101 5 3 
55 29 70 2 7 
56 177 111 8 4 
57 141 15 1 5 
58 48 47 6 3 
59 30 156 0 1 
60 189 195 4 7 
61 10 146 2 6 
62 107 91 3 5 
63 20 13 0 6 
64 164 75 4 6 
65 183 179 7 2 
66 186 129 2 8 
67 157 29 4 2 
68 135 34 2 6 
69 192 178 2 5 
70 26 28 2 8 
71 117 196 0 6 
72 199 91 4 7 
73 195 179 6 7 
74 131 86 8 6 
75 86 1 6 2 
76 92 74 6 2 
77 43 19 8 0 
78 158 164 4 1 
79 58 108 5 0 
80 79 112 2 8 
81 196 107 2 7 
82 136 6 3 4 
83 165 8 2 0 
84 123 1 6 8 
85 21 135 8 5 
86 5 187 8 7 
87 81 35 8 3 
88 12 19 5 6 
89 153 26 1 7 
90 18 188 3 1 
91 105 194 4 3 
92 127 195 4 1 
93 173 103 2 4 
94 45 134 8 5 
95 30 161 1 0 
96 136 5 7 4 
97 110 170 8 6 
98 109 124 8 7 
99 60 148 1 4 
