N 100 
0 100 100 5 7 
1 134 186 2 4 
2 179 2 6 6 
3 63 36 8 2 
4 70 71 4 7 
5 24 8 4 8 
6 130 8 7 5 
7 169 189 8 7 
8 110 48 8 5 
9 178 60 5 8 
10 130 72 8 0 
11 92 104 5 5 
12 3 150 4 5 
13 159 109 0 4 
14 157 115 5 2 
15 40 13 7 3 
16 95 86 4 4 
17 194 128 8 5 
18 122 99 1 0 
19 65 32 5 4 
20 77 28 4 2 
21 59 78 2 4 
22 167 98 4 6 
23 104 26 3 8 
24 159 40 7 5 
25 151 150 2 1 
26 50 91 4 6 
27 109 49 0 3 
28 25 157 5 8 
29 36 61 4 0 
30 143 17 7 0 
31 120 1 2 5 
32 169 60 7 2 
33 46 170 7 8 
34 87 21 4 1 
35 118 1 3 2 
36 13 47 6 6 
37 95 164 8 5 
38 129 186 8 2 
39 13 56 8 2 
40 147 57 0 3 
41 86 193 0 7 
42 33 98 6 4 
43 65 119 2 3 
44 131 9 1 1 
45 105 71 3 3 
46 123 57 4 2 
47 99 196 6 2 
48 177 97 1 5 
49 163 157 3 1 
50 113 57 5 5 
51 41 195 6 2 
52 162 184 5 3 
53 172 141 7 8 
54 45 29 5 0 
55 166 63 3 4 
56 14 96 4 5 
57 144 156 0 5 
58 23 97 3 5 
59 2 49 2 0 
60 166 47 2 5 
61 42 147 7 0 
62 57 34 7 2 
63 27 132 6 4 
64 143 107 2 2 
65 90 39 2 2 
66 200 64 2 6 
67 26 100 0 1 
68 184 42 2 4 
69 80 26 4 1 
70 68 196 1 5 
71 184 113 5 2 
72 70 6 5 0 
73 0 119 1 8 
74 58 16 7 8 
75 164 44 2 0 
76 69 66 2 8 
77 199 147 6 6 
78 25 72 6 2 
79 177 177 5 0 
80 122 160 1 3 
81 83 28 7 2 
82 152 187 2 8 
83 4 142 5 2 
84 66 193 5 5 
85 167 153 8 1 
86 158 15 6 7 
87 105 111 1 2 
88 62 12 8 2 
89 81 165 5 2 
90 195 59 6 1 
91 91 25 2 4 
92 11 142 3 2 
93 168 102 7 3 
94 144 166 7 6 
95 15 148 2 3 
96 66 8 0 6 
97 93 107 2 4 
98 45 121 2 7 
99 116 57 7 1 
