N 100 
0 100 100 8 6 
1 40 138 5 4 
2 77 194 6 8 
3 128 176 1 8 
4 101 45 7 1 
5 32 122 1 0 
6 33 162 8 3 
7 35 113 2 3 
8 162 8 7 1 
9 39 181 7 5 
10 19 179 3 0 
11 99 20 8 6 
12 98 179 8 6 
13 38 10 5 3 
14 21 109 3 0 
15 152 59 6 3 
16 157 102 1 0 
17 184 92 8 3 
18 136 11 7 8 
19 106 109 5 2 
20 133 146 0 7 
21 45 11 6 7 
22 131 46 4 7 
23 130 50 5 6 
24 117 123 1 8 
25 60 2 6 5 
26 139 188 3 2 
27 140 117 4 2 
28 173 128 0 4 
29 14 60 6 2 
30 93 39 3 5 
31 78 55 1 2 
32 24 39 1 7 
33 114 111 8 2 
34 35 18 3 5 
35 63 9 6 3 
36 146 23 3 1 
37 192 111 2 5 
38 40 124 0 8 
39 46 30 2 0 
40 129 176 2 6 
41 2 9 7 3 
42 181 160 8 0 
43 81 40 8 0 
44 37 133 5 8 
45 120 154 1 2 
46 30 167 2 1 
47 30 124 6 0 
48 40 42 2 4 
49 189 128 5 3 
50 88 26 1 5 
51 37 75 7 3 
52 11 21 3 4 
53 93 168 3 7 
54 31 78 8 4 
55 43 60 5 3 
56 65 21 3 1 
57 168 167 5 6 
58 104 32 0 2 
59 176 39 5 3 
60 162 71 3 6 
61 112 74 2 3 
62 72 37 0 5 
63 62 32 8 2 
64 182 23 2 5 
65 24 22 6 3 
66 40 14 5 3 
67 49 44 4 2 
68 66 2 8 1 
69 32 51 3 4 
70 80 173 0 1 
71 168 91 2 6 
72 48 33 7 3 
73 182 151 1 4 
74 29 28 4 0 
75 104 188 3 0 
76 131 176 3 4 
77 9 7 4 7 
78 130 99 3 7 
79 11 188 6 4 
80 105 45 6 2 
81 122 15 1 6 
82 153 19 2 8 
83 43 30 8 2 
84 133 58 2 6 
85 97 179 5 3 
86 164 55 3 2 
87 188 109 8 2 
88 49 100 7 0 
89 145 148 1 3 
90 165 3 6 0 
91 167 125 3 7 
92 97 113 7 2 
93 31 66 6 0 
94 139 79 4 1 
95 184 128 6 0 
96 88 62 2 1 
97 64 52 5 3 
98 135 89 5 4 
99 147 11 0 7 
