N 100 
0 100 100 4 5 
1 21 130 7 0 
2 107 195 0 0 
3 20 21 3 7 
4 64 67 4 8 
5 117 57 3 3 
6 63 102 4 6 
7 81 163 1 7 
8 61 133 1 3 
9 27 38 6 2 
10 175 3 7 6 
11 147 1 8 0 
12 86 94 0 3 
13 111 67 5 7 
14 172 22 1 3 
15 186 95 5 6 
16 129 100 3 1 
17 184 76 2 0 
18 174 169 3 3 
19 122 149 3 1 
20 91 87 0 3 
21 84 68 6 6 
22 184 195 4 4 
23 130 176 1 2 
24 175 103 5 2 
25 179 196 4 0 
26 28 188 8 1 
27 90 134 4 2 
28 150 105 0 1 
29 67 71 0 5 
30 189 62 8 0 
31 99 12 4 4 
32 65 82 8 2 
33 13 144 0 0 
34 47 164 4 6 
35 84 174 4 5 
36 197 15 2 0 
37 68 10 0 1 
38 88 85 0 0 
39 167 99 1 0 
40 150 5 0 8 
41 27 188 6 4 
42 7 144 4 7 
43 79 122 5 6 
44 152 156 1 5 
45 147 11 0 5 
46 26 105 1 4 
47 119 13 4 3 
48 113 145 4 4 
49 195 109 2 6 
50 88 1 6 0 
51 4 70 8 2 
52 126 76 1 4 
53 79 153 5 5 
54 87 187 4 4 
55 120 64 5 0 
56 19 56 4 4 
57 124 95 5 1 
58 86 72 2 5 
59 113 86 4 8 
60 161 44 5 1 
61 0 158 5 8 
62 186 139 3 7 
63 138 93 6 4 
64 125 197 8 6 
65 138 54 5 5 
66 81 120 5 0 
67 178 169 5 6 
68 6 185 6 6 
69 125 85 2 8 
70 96 123 3 6 
71 6 195 3 4 
72 167 82 8 2 
73 110 93 8 3 
74 133 107 1 5 
75 185 148 2 6 
76 3 57 2 4 
77 43 186 6 2 
78 4 155 2 4 
79 117 154 2 8 
80 43 100 6 8 
81 77 197 7 5 
82 64 31 2 4 
83 182 26 1 8 
84 169 127 5 4 
85 124 166 7 2 
86 134 9 6 0 
87 149 60 2 4 
88 20 102 0 5 
89 147 119 4 2 
90 81 129 4 5 
91 16 77 2 5 
92 7 186 0 5 
93 92 181 0 1 
94 28 194 2 4 
95 5 135 0 8 
96 19 57 4 7 
97 4 60 8 8 
98 59 57 6 6 
99 31 127 7 0 
