N 100 
0 100 100 0 4 
1 41 167 5 8 
2 123 121 3 4 
3 175 120 4 3 
4 166 73 5 1 
5 181 81 0 7 
6 38 25 7 6 
7 153 7 4 0 
8 142 180 3 5 
9 4 13 5 2 
10 200 45 8 2 
11 96 79 1 7 
12 197 5 7 8 
13 61 107 1 4 
14 175 181 3 5 
15 67 81 0 4 
16 9 144 0 3 
17 2 139 2 4 
18 76 46 1 2 
19 134 38 6 5 
20 150 44 7 3 
21 144 97 1 2 
22 188 179 3 1 
23 135 113 6 4 
24 188 170 5 1 
25 74 31 2 8 
26 169 186 0 2 
27 8 128 8 3 
28 82 59 2 6 
29 170 113 7 3 
30 179 21 4 8 
31 3 164 6 7 
32 20 128 1 6 
33 6 17 1 5 
34 146 186 2 5 
35 92 200 0 7 
36 66 59 4 5 
37 6 41 2 4 
38 75 28 3 7 
39 172 45 8 7 
40 139 118 1 2 
41 48 169 8 7 
42 76 76 6 1 
43 136 21 0 6 
44 37 197 1 5 
45 139 10 4 8 
46 75 5 2 8 
47 25 129 1 2 
48 141 152 0 3 
49 82 44 0 2 
50 193 126 3 7 
51 161 131 8 1 
52 102 121 1 7 
53 131 170 7 8 
54 123 108 1 8 
55 90 176 4 5 
56 111 107 6 8 
57 19 183 6 0 
58 73 110 3 7 
59 157 137 2 3 
60 23 122 8 2 
61 143 109 0 3 
62 54 1 7 0 
63 102 116 1 7 
64 59 188 8 1 
65 89 152 2 7 
66 124 77 3 5 
67 137 193 6 8 
68 43 59 8 1 
69 77 104 2 1 
70 46 183 0 6 
71 46 164 2 5 
72 190 23 5 7 
73 189 176 8 0 
74 155 21 2 6 
75 1 72 5 3 
76 33 24 4 8 
77 90 76 1 3 
78 170 25 8 4 
79 53 23 7 0 
80 80 188 1 7 
81 37 50 2 1 
82 121 74 5 7 
83 58 103 6 3 
84 30 38 8 6 
85 132 159 7 5 
86 16 17 3 8 
87 13 0 0 7 
88 50 18 4 5 
89 6 161 7 6 
90 26 65 5 6 
91 103 41 2 4 
92 114 120 4 1 
93 117 51 3 5 
94 142 150 7 3 
95 59 93 7 5 
96 132 150 2 1 
97 19 93 4 6 
98 95 44 3 2 
99 35 160 2 3 
