N 100 
0 100 100 4 3 
1 170 1 1 0 
2 94 178 0 3 
3 140 65 7 3 
4 90 33 6 3 
5 96 28 1 7 
6 191 10 6 3 
7 67 190 5 3 
8 129 194 5 8 
9 193 16 6 6 
10 55 97 1 8 
11 157 159 4 2 
12 183 36 0 0 
13 126 118 7 2 
14 162 194 3 3 
15 46 15 2 0 
16 172 89 7 8 
17 200 55 1 8 
18 30 56 5 7 
19 137 56 7 8 
20 147 131 5 6 
21 95 83 7 7 
22 95 42 4 8 
23 140 118 2 6 
24 55 35 6 3 
25 142 65 1 0 
26 22 39 6 7 
27 172 199 6 7 
28 52 142 5 1 
29 150 88 6 5 
30 23 152 4 0 
31 53 158 7 4 
32 138 34 6 0 
33 153 140 0 8 
34 117 115 4 6 
35 18 123 1 3 
36 87 133 6 2 
37 188 145 6 7 
38 197 178 7 1 
39 63 175 3 7 
40 83 141 7 4 
41 37 69 1 7 
42 139 183 7 3 
43 198 23 0 2 
44 143 79 3 0 
45 97 169 5 6 
46 26 122 8 2 
47 33 91 2 0 
48 198 138 6 6 
49 96 77 6 7 
50 117 132 5 8 
51 59 152 8 2 
52 111 148 4 2 
53 56 63 2 2 
54 162 115 5 0 
55 150 9 1 3 
56 53 176 6 5 
57 52 132 7 5 
58 171 48 4 3 
59 159 27 1 4 
60 141 200 2 7 
61 7 171 0 1 
62 44 86 4 1 
63 157 19 6 8 
64 87 98 1 0 
65 188 112 5 3 
66 100 92 2 1 
67 46 146 3 7 
68 193 120 8 4 
69 41 102 8 7 
70 115 94 4 7 
71 67 29 6 2 
72 194 6 8 2 
73 124 74 1 4 
74 89 69 4 6 
75 132 130 2 8 
76 6 148 2 2 
77 136 13 1 7 
78 151 159 5 1 
79 177 83 7 2 
80 190 138 5 6 
81 106 2 6 5 
82 138 132 4 3 
83 142 158 6 0 
84 70 75 2 6 
85 19 86 6 4 
86 171 170 4 8 
87 84 94 0 2 
88 145 169 4 4 
89 100 66 8 7 
90 87 101 8 0 
91 91 199 1 5 
92 139 114 1 3 
93 25 15 1 8 
94 24 90 8 4 
95 60 37 4 4 
96 28 23 1 4 
97 102 4 0 3 
98 136 114 8 7 
99 94 191 1 8 
