N 100 
0 100 100 7 0 
1 104 18 6 1 
2 193 61 2 3 
3 5 83 8 2 
4 183 167 6 5 
5 103 161 7 5 
6 153 65 1 8 
7 138 5 5 7 
8 47 165 4 7 
9 73 21 8 4 
10 73 152 4 3 
11 5 62 1 6 
12 16 59 5 4 
13 176 76 5 4 
14 148 16 8 0 
15 124 121 4 7 
16 111 136 3 7 
17 155 50 6 0 
18 1 39 6 2 
19 155 8 2 3 
20 38 158 1 3 
21 195 55 8 0 
22 176 113 2 8 
23 7 168 8 0 
24 41 157 7 8 
25 140 174 4 3 
26 46 59 3 6 
27 195 29 3 4 
28 31 25 0 6 
29 138 135 4 3 
30 107 13 0 4 
31 190 29 1 2 
32 129 190 6 7 
33 83 158 7 1 
34 89 25 4 0 
35 143 174 5 1 
36 150 46 3 7 
37 57 13 4 7 
38 137 93 3 2 
39 167 183 3 2 
40 199 145 7 6 
41 165 26 7 0 
42 8 22 0 2 
43 44 199 3 1 
44 158 149 2 7 
45 159 14 3 8 
46 40 117 8 4 
47 26 58 2 0 
48 36 151 0 3 
49 74 64 5 6 
50 93 147 7 8 
51 67 31 5 6 
52 193 110 3 1 
53 124 74 6 1 
54 192 135 2 1 
55 57 110 4 7 
56 149 190 1 8 
57 131 67 0 1 
58 185 191 5 8 
59 69 100 1 0 
60 72 96 3 8 
61 120 119 6 0 
62 38 144 4 7 
63 41 102 1 6 
64 41 67 3 1 
65 66 190 0 1 
66 189 100 2 5 
67 164 110 4 1 
68 125 151 2 1 
69 187 142 3 5 
70 51 126 0 7 
71 184 124 7 3 
72 105 85 7 5 
73 143 36 8 2 
74 19 70 4 6 
75 127 169 7 8 
76 168 106 3 4 
77 89 138 3 7 
78 163 80 1 4 
79 164 99 4 2 
80 104 10 0 5 
81 95 60 7 3 
82 37 147 2 7 
83 178 150 1 7 
84 47 77 4 7 
85 162 105 1 0 
86 98 163 8 1 
87 66 133 7 4 
88 106 199 7 3 
89 16 187 0 5 
90 69 4 3 5 
91 185 37 0 6 
92 114 61 8 3 
93 183 60 5 8 
94 141 153 2 4 
95 190 172 3 4 
96 46 126 0 1 
97 28 182 7 3 
98 37 178 8 2 
99 119 110 5 6 
