N 100 
0 100 100 3 1 
1 18 122 5 4 
2 7 93 1 8 
3 173 32 4 8 
4 49 36 0 2 
5 87 19 4 0 
6 70 200 8 5 
7 112 87 4 8 
8 136 108 6 8 
9 189 93 1 8 
10 87 116 5 1 
11 7 127 5 4 
12 95 173 1 3 
13 127 141 5 7 
14 81 83 8 0 
15 199 106 7 1 
16 72 120 7 3 
17 89 1 2 8 
18 22 63 2 1 
19 75 117 2 1 
20 76 27 7 3 
21 175 94 0 8 
22 8 81 8 1 
23 193 173 0 6 
24 80 149 5 3 
25 37 20 2 3 
26 43 158 6 5 
27 191 128 4 7 
28 40 146 8 4 
29 46 30 8 1 
30 145 200 8 7 
31 44 187 8 3 
32 149 74 0 1 
33 122 6 6 2 
34 10 192 4 8 
35 122 181 6 5 
36 183 171 2 6 
37 145 85 8 5 
38 83 133 0 6 
39 43 103 4 0 
40 145 158 7 3 
41 100 77 3 2 
42 106 69 6 0 
43 96 162 8 3 
44 27 33 1 8 
45 184 14 0 3 
46 74 165 8 5 
47 102 143 6 4 
48 52 158 8 3 
49 89 118 0 8 
50 77 103 5 1 
51 12 125 2 1 
52 127 35 3 1 
53 114 8 1 2 
54 158 27 6 0 
55 199 164 2 4 
56 136 117 2 7 
57 68 119 5 8 
58 112 153 5 2 
59 69 117 6 3 
60 139 152 4 2 
61 189 41 6 2 
62 2 63 6 4 
63 177 144 3 8 
64 177 92 6 8 
65 56 162 1 7 
66 130 162 0 6 
67 54 31 3 2 
68 109 97 0 4 
69 16 141 8 3 
70 21 87 7 3 
71 140 48 3 0 
72 71 62 4 7 
73 113 26 0 5 
74 197 161 4 0 
75 200 142 6 4 
76 102 94 2 5 
77 180 188 2 4 
78 37 40 8 3 
79 105 92 2 3 
80 59 33 7 2 
81 137 86 1 5 
82 66 197 2 4 
83 69 25 5 3 
84 117 22 6 2 
85 44 73 4 6 
86 112 72 8 1 
87 3 160 8 2 
88 155 149 3 1 
89 55 24 3 7 
90 137 140 1 3 
91 4 8 1 0 
92 142 146 4 8 
93 39 195 0 2 
94 67 176 2 5 
95 124 130 6 3 
96 8 18 5 4 
97 181 56 4 5 
98 3 169 1 4 
99 188 12 2 4 
