N 100 
0 100 100 3 5 
1 169 57 5 8 
2 118 64 2 6 
3 48 23 3 5 
4 187 79 8 8 
5 153 160 0 3 
6 127 6 4 2 
7 63 49 0 4 
8 6 71 1 6 
9 65 116 3 6 
10 64 144 4 1 
11 142 180 6 4 
12 42 143 6 1 
13 7 132 4 1 
14 184 63 1 8 
15 96 159 1 8 
16 9 4 2 4 
17 101 162 4 0 
18 198 78 8 0 
19 41 0 4 5 
20 32 121 8 5 
21 73 90 5 1 
22 24 70 0 1 
23 6 47 5 7 
24 157 71 3 4 
25 9 111 5 8 
26 103 141 3 3 
27 69 171 6 3 
28 165 126 5 6 
29 16 42 8 2 
30 141 83 3 8 
31 34 141 5 0 
32 161 3 5 2 
33 186 12 5 4 
34 146 145 6 0 
35 149 200 6 4 
36 142 110 7 6 
37 66 177 4 2 
38 160 124 2 5 
39 39 61 0 6 
40 174 84 1 1 
41 100 92 2 2 
42 33 141 5 3 
43 41 23 2 6 
44 121 70 8 2 
45 174 189 4 5 
46 199 200 4 1 
47 197 98 6 6 
48 181 192 8 6 
49 19 146 0 7 
50 21 23 5 5 
51 94 106 0 1 
52 146 33 3 7 
53 157 159 1 6 
54 200 176 1 1 
55 60 162 1 3 
56 131 172 2 8 
57 137 75 7 1 
58 181 116 0 7 
59 47 166 0 6 
60 186 200 3 5 
61 136 56 6 2 
62 81 16 5 4 
63 13 61 0 3 
64 189 149 5 2 
65 110 48 7 1 
66 17 23 5 7 
67 29 179 4 0 
68 117 21 4 1 
69 83 36 0 5 
70 153 138 4 5 
71 148 0 2 5 
72 73 44 4 7 
73 115 134 7 1 
74 75 183 6 8 
75 12 72 5 8 
76 168 34 8 6 
77 57 85 7 7 
78 84 43 5 8 
79 146 49 4 3 
80 68 191 4 7 
81 120 167 2 5 
82 58 138 6 2 
83 133 177 5 3 
84 101 21 7 4 
85 189 76 1 4 
86 47 39 8 1 
87 20 176 0 6 
88 14 64 2 5 
89 7 102 4 4 
90 89 74 1 7 
91 88 150 7 4 
92 125 43 8 5 
93 108 58 7 6 
94 178 139 5 4 
95 57 46 7 3 
96 81 41 2 7 
97 134 142 0 4 
98 127 50 2 5 
99 57 62 7 7 
