N 100 
0 100 100 3 6 
1 79 6 7 2 
2 126 156 6 7 
3 84 54 1 4 
4 189 37 1 5 
5 192 23 7 0 
6 143 108 4 1 
7 16 120 6 3 
8 190 200 0 1 
9 122 148 2 1 
10 102 162 1 0 
11 66 108 5 5 
12 178 60 0 0 
13 61 136 1 7 
14 44 121 5 5 
15 11 131 7 6 
16 162 164 1 3 
17 23 174 5 3 
18 105 129 2 1 
19 27 7 1 7 
20 169 18 4 7 
21 187 8 0 8 
22 112 99 4 0 
23 5 186 1 8 
24 185 130 1 7 
25 54 141 7 3 
26 10 143 1 1 
27 55 145 1 2 
28 101 158 8 8 
29 162 128 8 4 
30 146 15 0 5 
31 36 26 4 6 
32 0 126 0 6 
33 21 172 7 7 
34 100 17 5 8 
35 191 49 3 7 
36 96 122 0 8 
37 135 112 2 6 
38 111 32 0 0 
39 90 114 2 2 
40 10 31 4 4 
41 200 71 8 2 
42 175 87 7 0 
43 75 184 4 5 
44 106 158 4 2 
45 82 131 3 4 
46 8 128 6 6 
47 114 89 6 6 
48 71 147 0 8 
49 60 144 8 2 
50 19 84 5 8 
51 98 69 8 2 
52 161 153 5 5 
53 81 73 1 6 
54 162 95 8 0 
55 145 191 8 8 
56 187 149 3 6 
57 155 193 5 2 
58 176 50 3 0 
59 18 33 7 3 
60 155 1 6 4 
61 148 129 1 0 
62 15 88 1 2 
63 77 173 3 0 
64 1 189 5 4 
65 198 25 2 6 
66 35 134 4 4 
67 30 170 6 3 
68 44 164 5 0 
69 55 63 8 5 
70 192 68 1 2 
71 121 123 7 2 
72 60 5 1 6 
73 94 149 4 4 
74 10 116 3 0 
75 154 173 3 7 
76 52 14 7 3 
77 45 105 6 7 
78 143 172 8 6 
79 142 48 6 6 
80 130 66 1 1 
81 76 59 0 1 
82 182 48 7 8 
83 48 146 6 3 
84 69 11 5 6 
85 146 94 8 4 
86 124 98 2 5 
87 89 111 3 6 
88 47 108 6 0 
89 22 167 7 1 
90 173 179 0 0 
91 184 89 6 2 
92 36 150 5 8 
93 170 152 2 8 
94 185 19 1 0 
95 167 105 0 2 
96 131 146 1 8 
97 57 15 8 4 
98 167 161 5 8 
99 127 24 3 2 
