N 100 
0 100 100 5 1 
1 127 103 5 6 
2 113 19 4 5 
3 97 103 2 1 
4 0 184 2 8 
5 145 194 2 6 
6 172 173 3 8 
7 126 5 2 1 
8 160 108 7 4 
9 182 174 7 1 
10 93 168 3 5 
11 32 123 7 3 
12 191 5 8 3 
13 142 90 1 0 
14 13 158 5 8 
15 75 190 6 1 
16 36 47 3 6 
17 179 11 2 1 
18 25 35 5 6 
19 73 90 8 4 
20 152 93 6 7 
21 195 148 5 4 
22 177 124 6 1 
23 123 28 4 7 
24 143 162 6 3 
25 53 109 1 8 
26 113 3 1 5 
27 60 34 7 1 
28 50 81 1 2 
29 80 159 7 8 
30 5 114 1 6 
31 150 124 1 0 
32 156 190 1 0 
33 171 78 8 3 
34 195 166 4 7 
35 44 13 6 1 
36 158 18 3 5 
37 50 51 2 6 
38 78 146 7 6 
39 77 111 8 3 
40 187 37 8 2 
41 80 40 5 0 
42 32 71 4 7 
43 154 131 3 6 
44 109 145 5 6 
45 76 135 3 4 
46 150 134 8 2 
47 120 39 5 3 
48 6 109 0 4 
49 148 58 1 8 
50 161 93 8 5 
51 0 121 3 7 
52 179 187 7 0 
53 19 92 2 6 
54 46 189 7 5 
55 19 67 6 5 
56 165 14 8 0 
57 92 31 5 8 
58 27 100 2 0 
59 181 63 3 6 
60 165 105 5 2 
61 102 188 0 3 
62 156 15 5 3 
63 64 32 1 8 
64 130 53 2 6 
65 129 131 5 2 
66 91 36 0 8 
67 179 50 4 2 
68 122 184 6 4 
69 0 32 4 1 
70 93 103 6 2 
71 58 133 3 1 
72 1 113 3 4 
73 105 119 6 2 
74 85 69 8 6 
75 83 18 1 3 
76 6 181 4 5 
77 160 182 2 0 
78 197 35 8 6 
79 159 131 7 2 
80 42 87 7 3 
81 15 159 0 6 
82 171 120 5 8 
83 33 165 7 6 
84 133 169 6 7 
85 42 113 3 6 
86 190 195 3 2 
87 4 22 4 8 
88 69 28 1 4 
89 5 41 4 8 
90 30 154 7 2 
91 185 125 3 4 
92 92 183 6 0 
93 6 87 2 5 
94 44 17 7 4 
95 105 199 7 4 
96 109 49 1 6 
97 105 107 0 5 
98 135 166 6 0 
99 129 115 7 3 
