N 100 
0 100 100 3 7 
1 187 33 0 8 
2 94 143 1 0 
3 29 73 8 5 
4 111 28 0 1 
5 124 145 0 6 
6 24 107 2 5 
7 19 7 8 0 
8 141 184 6 2 
9 20 197 4 0 
10 125 32 1 3 
11 3 13 4 5 
12 71 189 1 0 
13 70 68 5 1 
14 55 23 4 5 
15 12 48 7 3 
16 90 64 6 1 
17 34 104 2 7 
18 135 120 0 7 
19 130 126 2 0 
20 4 146 8 4 
21 141 54 7 0 
22 193 13 2 4 
23 195 117 2 8 
24 46 81 3 6 
25 70 103 5 1 
26 58 37 8 4 
27 161 194 3 5 
28 111 16 4 3 
29 110 108 3 1 
30 104 18 1 2 
31 173 76 3 8 
32 95 99 3 0 
33 53 96 2 0 
34 15 164 1 6 
35 59 15 0 5 
36 5 15 8 0 
37 39 104 5 3 
38 155 33 3 6 
39 68 23 7 6 
40 78 115 8 6 
41 14 125 8 2 
42 15 121 8 4 
43 197 178 6 4 
44 172 79 4 1 
45 181 104 2 6 
46 128 3 3 8 
47 89 119 8 4 
48 135 50 5 0 
49 135 13 3 6 
50 57 193 1 8 
51 64 148 0 7 
52 32 110 4 7 
53 146 176 1 8 
54 36 27 2 4 
55 135 97 5 1 
56 19 195 5 2 
57 96 59 0 6 
58 65 85 2 3 
59 32 175 0 1 
60 147 35 8 5 
61 36 85 6 2 
62 71 58 0 5 
63 63 26 6 4 
64 108 178 3 4 
65 105 137 4 2 
66 87 124 1 3 
67 69 160 6 2 
68 86 124 4 8 
69 128 46 2 0 
70 197 133 8 4 
71 105 26 1 2 
72 178 170 6 5 
73 15 58 1 2 
74 170 93 2 8 
75 135 105 2 5 
76 178 88 4 6 
77 74 40 6 5 
78 89 24 8 5 
79 190 111 5 0 
80 177 48 1 4 
81 170 3 0 5 
82 125 166 6 0 
83 171 12 8 6 
84 152 168 7 8 
85 108 77 1 7 
86 44 112 1 5 
87 142 5 3 4 
88 139 144 8 6 
89 195 78 4 3 
90 93 13 6 3 
91 19 28 3 8 
92 195 174 1 0 
93 167 26 5 7 
94 77 181 6 4 
95 45 64 2 1 
96 42 178 0 8 
97 161 91 4 3 
98 163 142 6 8 
99 88 158 8 5 
