N 100 
0 100 100 2 5 
1 81 22 8 8 
2 167 33 1 5 
3 122 60 7 3 
4 115 4 4 2 
5 9 66 1 6 
6 46 118 4 8 
7 99 175 0 1 
8 200 23 8 2 
9 82 131 0 6 
10 56 94 5 3 
11 136 68 6 4 
12 50 121 8 8 
13 53 195 2 2 
14 190 195 4 6 
15 72 106 2 2 
16 62 75 6 0 
17 9 173 6 5 
18 197 47 5 2 
19 33 107 5 7 
20 45 169 6 2 
21 47 168 7 4 
22 196 178 2 7 
23 55 54 5 5 
24 163 36 8 3 
25 165 1 3 5 
26 135 74 6 2 
27 103 91 6 1 
28 72 96 2 3 
29 136 136 8 6 
30 177 185 7 6 
31 72 124 5 7 
32 85 171 5 2 
33 146 19 6 7 
34 155 65 6 4 
35 200 183 8 2 
36 175 110 7 5 
37 89 59 5 7 
38 109 176 5 0 
39 87 52 5 6 
40 156 191 5 5 
41 165 24 6 8 
42 85 110 0 6 
43 72 39 6 3 
44 193 31 0 6 
45 135 167 2 5 
46 179 135 7 8 
47 134 146 3 5 
48 80 148 6 6 
49 190 155 8 2 
50 100 142 7 2 
51 155 32 7 3 
52 155 195 4 7 
53 190 97 4 8 
54 52 31 5 3 
55 139 12 2 3 
56 71 100 5 2 
57 191 195 8 3 
58 16 105 2 7 
59 179 101 6 8 
60 40 75 1 0 
61 122 40 6 3 
62 200 50 8 8 
63 114 40 3 7 
64 133 18 2 6 
65 155 88 8 1 
66 31 107 7 3 
67 42 148 2 4 
68 139 119 0 5 
69 173 156 5 7 
70 5 196 3 0 
71 175 167 3 3 
72 160 97 6 4 
73 73 184 7 0 
74 90 18 7 5 
75 2 99 7 3 
76 23 170 1 8 
77 152 179 0 1 
78 112 100 8 2 
79 69 70 7 1 
80 110 70 1 2 
81 144 60 0 0 
82 180 55 7 4 
83 36 124 8 6 
84 137 191 8 7 
85 154 4 4 2 
86 22 81 4 3 
87 94 68 0 8 
88 160 170 3 7 
89 95 22 0 5 
90 135 185 2 8 
91 104 125 6 1 
92 194 128 7 4 
93 150 57 8 5 
94 57 87 6 6 
95 154 180 8 8 
96 106 186 8 2 
97 18 176 5 2 
98 197 91 8 3 
99 35 150 1 4 
