N 100 
0 100 100 1 5 
1 9 167 0 3 
2 50 34 3 4 
3 143 198 3 3 
4 143 80 8 7 
5 150 186 5 7 
6 24 62 1 1 
7 183 163 0 2 
8 81 177 1 2 
9 115 118 3 8 
10 145 115 3 8 
11 47 171 2 8 
12 26 87 5 2 
13 148 195 2 1 
14 117 112 5 6 
15 1 64 6 3 
16 11 139 1 5 
17 46 121 6 6 
18 89 190 6 5 
19 22 119 4 8 
20 186 181 0 2 
21 133 148 4 1 
22 127 188 5 8 
23 125 32 5 3 
24 45 45 4 5 
25 19 160 7 3 
26 58 41 5 6 
27 108 176 3 8 
28 69 87 4 6 
29 35 15 8 0 
30 80 3 3 8 
31 172 141 6 0 
32 186 99 2 4 
33 197 134 4 3 
34 51 165 7 0 
35 188 173 7 3 
36 191 11 3 2 
37 25 109 3 5 
38 40 46 1 8 
39 74 68 0 8 
40 91 17 0 4 
41 51 44 4 5 
42 168 187 0 6 
43 60 113 0 3 
44 37 8 6 3 
45 121 17 2 3 
46 177 177 7 3 
47 76 109 4 2 
48 116 164 5 8 
49 14 24 1 7 
50 7 10 3 6 
51 159 95 0 4 
52 117 123 5 2 
53 114 1 6 5 
54 102 30 4 5 
55 166 91 6 3 
56 76 40 0 1 
57 80 49 5 4 
58 148 18 7 3 
59 114 152 0 6 
60 96 198 1 7 
61 62 17 1 8 
62 181 19 2 1 
63 134 129 5 6 
64 171 82 5 8 
65 11 40 8 7 
66 143 81 6 6 
67 77 52 2 3 
68 170 137 6 5 
69 23 37 3 1 
70 157 58 1 5 
71 58 10 8 0 
72 147 58 0 6 
73 93 171 7 8 
74 61 195 6 7 
75 64 38 3 2 
76 162 152 0 0 
77 126 46 5 3 
78 133 35 4 6 
79 115 157 0 6 
80 200 70 1 1 
81 192 198 3 8 
82 95 107 2 0 
83 4 97 0 6 
84 71 183 0 3 
85 93 101 7 7 
86 0 93 7 4 
87 108 157 5 2 
88 5 170 7 1 
89 161 23 2 3 
90 124 34 1 0 
91 172 33 6 1 
92 192 28 8 6 
93 4 149 7 6 
94 69 151 6 1 
95 16 99 1 7 
96 88 136 0 5 
97 184 83 6 1 
98 107 189 6 4 
99 20 142 8 2 
