N 100 
0 100 100 6 0 
1 24 6 7 8 
2 18 134 0 8 
3 198 79 8 6 
4 67 188 7 6 
5 50 62 1 7 
6 108 77 6 5 
7 105 37 2 1 
8 163 112 1 8 
9 50 197 5 1 
10 139 45 8 1 
11 83 182 6 3 
12 107 21 2 4 
13 72 160 8 6 
14 1 53 1 3 
15 27 175 4 7 
16 76 154 8 6 
17 67 150 5 8 
18 177 101 1 7 
19 151 69 0 8 
20 120 152 0 1 
21 165 111 0 6 
22 106 200 3 1 
23 77 8 1 3 
24 189 179 7 0 
25 68 68 7 1 
26 127 175 2 6 
27 133 166 5 7 
28 44 198 5 8 
29 56 19 1 4 
30 51 52 2 3 
31 40 10 0 7 
32 56 177 6 0 
33 127 29 3 5 
34 113 146 7 5 
35 6 0 7 6 
36 131 147 5 3 
37 155 31 8 3 
38 91 189 7 4 
39 114 159 7 3 
40 178 14 1 4 
41 70 145 8 6 
42 192 38 2 7 
43 112 72 6 5 
44 178 136 1 7 
45 101 29 0 3 
46 168 184 7 5 
47 28 149 5 8 
48 42 146 4 8 
49 113 78 7 1 
50 46 73 3 7 
51 88 183 2 6 
52 15 147 3 5 
53 142 105 6 4 
54 114 20 0 4 
55 21 82 3 4 
56 11 57 1 0 
57 56 127 2 0 
58 128 42 3 5 
59 159 12 1 3 
60 33 189 6 4 
61 33 58 2 4 
62 5 172 6 5 
63 162 116 6 0 
64 78 157 2 6 
65 159 99 5 3 
66 125 194 6 0 
67 122 17 6 1 
68 104 195 6 5 
69 173 132 6 5 
70 42 54 6 2 
71 193 13 8 6 
72 169 26 0 1 
73 119 90 7 5 
74 131 83 7 1 
75 159 150 1 5 
76 194 13 3 6 
77 190 88 1 8 
78 95 39 0 7 
79 92 76 8 3 
80 28 85 6 2 
81 82 54 8 7 
82 156 57 0 7 
83 108 38 5 2 
84 59 79 2 4 
85 184 81 8 7 
86 95 83 7 1 
87 138 25 0 3 
88 126 53 6 1 
89 39 147 7 8 
90 49 191 4 7 
91 30 20 7 5 
92 144 134 5 0 
93 105 42 0 2 
94 85 187 3 6 
95 125 32 8 2 
96 55 27 8 2 
97 184 152 7 2 
98 191 143 1 5 
99 82 192 0 5 
