N 100 
0 100 100 4 0 
1 164 8 3 5 
2 126 92 4 8 
3 162 200 5 4 
4 114 130 0 4 
5 107 46 0 0 
6 110 103 7 7 
7 149 19 1 7 
8 188 106 1 6 
9 153 114 5 1 
10 27 52 6 5 
11 38 108 0 8 
12 28 13 3 4 
13 122 149 6 7 
14 136 147 0 8 
15 0 43 0 3 
16 55 149 1 3 
17 143 4 2 7 
18 22 103 6 8 
19 63 149 6 1 
20 47 133 7 4 
21 8 86 4 1 
22 193 120 2 6 
23 27 92 5 0 
24 193 70 4 1 
25 55 137 3 6 
26 18 25 6 5 
27 192 68 3 0 
28 33 140 6 7 
29 199 79 4 5 
30 84 3 3 3 
31 0 170 5 8 
32 127 145 1 2 
33 92 184 7 4 
34 50 154 3 2 
35 87 178 3 8 
36 23 84 8 7 
37 162 36 0 0 
38 125 74 8 4 
39 103 171 0 2 
40 153 176 0 4 
41 131 30 3 5 
42 63 44 6 0 
43 113 68 4 6 
44 175 107 8 6 
45 109 56 7 5 
46 25 16 2 8 
47 16 152 7 0 
48 89 55 1 5 
49 59 3 2 7 
50 99 169 2 4 
51 93 151 6 2 
52 9 198 7 5 
53 124 119 3 2 
54 37 75 2 6 
55 190 34 4 6 
56 70 133 2 0 
57 199 65 2 4 
58 95 179 5 2 
59 9 27 0 6 
60 96 26 8 7 
61 80 174 7 3 
62 48 199 4 2 
63 82 125 4 0 
64 169 182 0 0 
65 194 54 3 3 
66 56 181 2 0 
67 19 117 7 1 
68 155 176 3 5 
69 96 62 8 7 
70 108 143 0 2 
71 141 49 0 7 
72 146 135 7 1 
73 134 134 4 2 
74 66 96 1 4 
75 17 131 5 3 
76 123 183 8 8 
77 62 112 7 6 
78 59 15 0 1 
79 107 176 0 1 
80 60 119 3 6 
81 179 114 8 6 
82 163 187 7 1 
83 44 77 3 5 
84 197 183 0 2 
85 200 132 3 1 
86 155 183 4 1 
87 16 57 5 8 
88 50 75 1 6 
89 114 20 1 5 
90 187 163 1 3 
91 157 108 2 1 
92 87 200 5 2 
93 183 98 0 0 
94 132 198 7 0 
95 135 35 4 7 
96 160 32 7 3 
97 30 115 3 2 
98 76 65 6 0 
99 61 36 5 4 
