N 100 
0 100 100 1 0 
1 168 86 8 1 
2 165 187 8 2 
3 192 32 3 2 
4 155 139 1 2 
5 22 64 6 8 
6 178 137 0 8 
7 91 9 8 0 
8 51 177 0 0 
9 100 84 2 2 
10 165 24 5 3 
11 189 142 1 3 
12 101 4 0 5 
13 179 50 0 3 
14 116 48 4 4 
15 199 92 5 3 
16 40 85 4 2 
17 20 11 4 2 
18 40 103 6 4 
19 160 5 1 0 
20 78 34 0 3 
21 137 106 4 6 
22 108 73 2 8 
23 79 134 3 6 
24 7 88 0 8 
25 12 197 1 7 
26 154 54 5 8 
27 71 190 4 7 
28 109 30 6 1 
29 71 92 1 6 
30 25 13 6 3 
31 110 77 3 2 
32 54 89 8 6 
33 29 70 2 3 
34 58 188 7 8 
35 26 86 1 4 
36 190 4 4 2 
37 19 167 5 3 
38 180 110 5 2 
39 131 83 5 8 
40 133 141 8 2 
41 26 92 3 4 
42 155 75 2 1 
43 25 158 7 5 
44 94 172 0 5 
45 138 85 3 2 
46 93 21 2 5 
47 60 76 6 6 
48 176 175 2 6 
49 167 97 5 2 
50 94 101 8 4 
51 187 188 6 5 
52 142 166 0 7 
53 130 164 3 2 
54 171 64 7 5 
55 74 109 0 2 
56 82 56 5 2 
57 27 175 0 6 
58 99 199 2 8 
59 147 197 1 5 
60 48 169 0 0 
61 76 17 2 7 
62 23 20 7 1 
63 35 61 5 3 
64 6 137 1 7 
65 28 104 7 1 
66 9 147 3 4 
67 118 38 6 0 
68 83 146 3 6 
69 19 155 2 7 
70 124 132 4 1 
71 187 177 8 0 
72 90 28 4 2 
73 164 23 8 2 
74 68 155 0 7 
75 164 43 2 5 
76 129 189 1 5 
77 191 188 2 7 
78 31 45 7 0 
79 66 89 6 6 
80 151 103 4 0 
81 54 5 4 7 
82 107 118 6 8 
83 109 146 1 0 
84 195 94 3 6 
85 52 163 1 1 
86 6 72 3 7 
87 167 22 1 2 
88 141 60 6 1 
89 137 128 6 2 
90 101 115 6 8 
91 14 46 6 7 
92 93 96 8 6 
93 172 192 0 7 
94 43 132 5 3 
95 180 10 2 2 
96 118 146 3 7 
97 6 109 2 4 
98 32 97 6 7 
99 187 104 5 4 
