N 100 
0 100 100 5 0 
1 57 143 6 2 
2 89 30 2 7 
3 160 166 4 6 
4 26 21 2 4 
5 110 120 5 6 
6 164 167 7 1 
7 179 176 8 3 
8 35 62 8 6 
9 158 174 7 2 
10 187 165 1 5 
11 98 34 3 2 
12 102 91 8 3 
13 150 27 4 1 
14 51 68 1 6 
15 99 60 5 8 
16 5 197 2 5 
17 37 156 8 4 
18 101 52 7 5 
19 112 88 8 3 
20 108 17 1 7 
21 16 33 3 6 
22 28 129 0 5 
23 117 194 6 2 
24 12 135 7 8 
25 177 18 1 6 
26 40 61 5 6 
27 86 194 5 7 
28 187 138 8 2 
29 170 113 8 3 
30 29 11 6 7 
31 175 27 0 7 
32 130 44 4 8 
33 193 167 5 0 
34 116 101 1 0 
35 144 152 7 1 
36 141 28 3 0 
37 106 147 3 6 
38 118 59 7 6 
39 16 51 6 7 
40 44 200 6 8 
41 141 162 5 0 
42 34 169 6 4 
43 181 112 6 4 
44 86 169 1 6 
45 11 9 1 4 
46 69 84 5 4 
47 177 170 8 6 
48 69 188 6 4 
49 86 37 0 1 
50 16 71 3 4 
51 155 177 5 6 
52 59 75 1 0 
53 130 51 4 6 
54 62 39 6 8 
55 29 26 8 5 
56 7 178 3 6 
57 8 110 2 0 
58 133 158 0 4 
59 125 51 4 7 
60 178 72 6 1 
61 190 163 0 6 
62 135 181 6 3 
63 191 46 2 5 
64 26 25 7 8 
65 0 87 5 4 
66 144 112 8 6 
67 82 143 0 1 
68 2 49 1 5 
69 23 172 5 2 
70 100 45 1 8 
71 197 146 4 5 
72 183 180 4 3 
73 186 38 1 8 
74 33 160 8 5 
75 103 91 8 2 
76 182 62 5 0 
77 20 104 7 2 
78 36 132 8 4 
79 102 86 0 4 
80 73 56 0 7 
81 6 50 4 5 
82 127 29 5 1 
83 175 178 6 0 
84 68 124 6 7 
85 154 43 0 1 
86 121 83 6 8 
87 197 153 5 2 
88 64 82 4 8 
89 81 155 1 8 
90 145 103 3 6 
91 167 104 7 2 
92 173 98 0 3 
93 46 193 6 3 
94 100 172 5 8 
95 143 54 5 2 
96 145 129 0 8 
97 156 54 1 2 
98 92 19 7 5 
99 66 122 1 8 
