N 100 
0 100 100 3 1 
1 82 28 3 5 
2 13 67 1 6 
3 155 55 3 8 
4 153 157 4 2 
5 175 162 3 0 
6 123 40 4 0 
7 17 28 7 8 
8 6 187 3 4 
9 63 175 0 7 
10 4 18 1 0 
11 125 151 0 6 
12 18 51 1 2 
13 198 174 6 2 
14 157 70 4 2 
15 47 122 3 1 
16 194 80 8 6 
17 159 131 4 0 
18 127 166 1 8 
19 97 108 7 6 
20 24 112 8 4 
21 60 67 6 4 
22 11 55 7 4 
23 148 121 1 6 
24 171 176 2 6 
25 152 189 7 3 
26 54 104 4 0 
27 162 102 5 7 
28 19 72 5 8 
29 187 150 0 3 
30 64 104 0 6 
31 157 199 0 1 
32 119 200 6 8 
33 65 49 5 7 
34 142 11 7 4 
35 145 83 6 7 
36 13 82 3 4 
37 72 114 7 6 
38 172 133 4 8 
39 123 49 2 5 
40 196 15 4 1 
41 38 47 7 4 
42 3 161 4 5 
43 141 127 4 8 
44 106 153 0 7 
45 71 164 7 6 
46 20 16 5 6 
47 3 98 6 5 
48 126 91 0 6 
49 64 192 2 5 
50 140 48 1 2 
51 71 66 3 4 
52 58 129 2 4 
53 75 146 6 7 
54 115 91 4 8 
55 161 87 0 5 
56 137 181 7 4 
57 45 85 6 3 
58 145 34 7 4 
59 62 107 2 1 
60 39 84 0 4 
61 180 69 1 5 
62 135 81 7 0 
63 114 195 8 2 
64 132 38 5 7 
65 25 120 3 2 
66 154 29 7 3 
67 101 38 0 2 
68 86 88 4 7 
69 25 175 0 3 
70 199 35 3 6 
71 169 23 4 5 
72 1 14 3 0 
73 166 186 8 4 
74 47 29 3 8 
75 118 158 4 5 
76 142 92 7 4 
77 42 137 2 7 
78 179 17 5 6 
79 7 134 0 3 
80 22 59 2 3 
81 173 33 2 0 
82 31 181 2 4 
83 50 45 6 3 
84 140 27 3 2 
85 165 107 4 8 
86 198 30 8 3 
87 164 31 7 1 
88 78 104 6 8 
89 142 108 1 3 
90 30 69 5 6 
91 191 59 8 1 
92 35 99 4 2 
93 4 182 4 3 
94 95 181 1 6 
95 46 9 2 4 
96 102 168 2 7 
97 44 121 6 0 
98 91 193 7 8 
99 14 188 4 5 
