N 100 
0 100 100 5 6 
1 95 117 4 6 
2 70 190 7 6 
3 164 105 8 3 
4 160 163 1 3 
5 177 112 3 0 
6 176 186 7 1 
7 113 33 6 1 
8 10 148 2 3 
9 199 167 5 5 
10 10 27 6 3 
11 187 151 1 1 
12 8 162 1 5 
13 99 155 4 1 
14 152 37 1 5 
15 34 101 7 2 
16 21 67 3 8 
17 71 173 4 2 
18 12 34 6 0 
19 183 172 4 2 
20 176 125 1 2 
21 33 86 6 4 
22 183 160 8 6 
23 97 59 5 6 
24 42 35 2 0 
25 124 49 0 3 
26 80 63 5 6 
27 108 189 4 6 
28 21 47 5 7 
29 34 118 8 7 
30 11 92 2 7 
31 189 115 2 7 
32 103 4 8 7 
33 111 159 3 3 
34 198 61 5 7 
35 35 45 5 8 
36 23 157 2 8 
37 10 139 4 0 
38 157 113 4 8 
39 80 39 2 2 
40 170 166 7 8 
41 147 19 5 3 
42 100 160 3 0 
43 84 192 6 6 
44 138 163 4 5 
45 164 47 3 5 
46 170 40 0 2 
47 112 8 2 4 
48 82 0 8 1 
49 155 123 1 3 
50 67 175 3 4 
51 192 42 3 5 
52 40 146 6 1 
53 50 185 5 0 
54 109 145 1 0 
55 113 122 2 0 
56 174 39 0 4 
57 138 185 8 4 
58 65 27 8 3 
59 67 90 8 3 
60 189 129 3 3 
61 2 165 8 4 
62 139 159 6 5 
63 171 121 0 4 
64 144 199 7 0 
65 89 177 0 7 
66 101 128 1 3 
67 88 115 6 2 
68 99 11 4 0 
69 198 180 7 5 
70 166 57 7 3 
71 199 136 8 0 
72 162 197 2 4 
73 163 177 8 7 
74 68 42 2 7 
75 107 113 7 1 
76 6 149 0 1 
77 49 39 8 2 
78 20 152 7 2 
79 194 54 4 7 
80 90 23 3 7 
81 183 162 6 8 
82 146 41 3 2 
83 169 66 6 5 
84 123 195 7 0 
85 101 176 8 3 
86 127 12 8 2 
87 156 99 8 2 
88 119 174 4 7 
89 43 27 8 3 
90 97 176 3 8 
91 91 36 6 5 
92 114 173 3 7 
93 66 147 8 0 
94 18 28 3 6 
95 124 153 0 8 
96 145 110 4 1 
97 106 180 6 4 
98 55 157 2 8 
99 16 135 4 3 
