N 100 
0 100 100 4 0 
1 136 124 4 2 
2 76 200 1 6 
3 159 8 1 4 
4 170 100 5 3 
5 40 19 5 8 
6 93 96 0 5 
7 198 74 8 6 
8 183 85 8 5 
9 182 46 1 6 
10 161 60 6 7 
11 51 174 6 0 
12 80 27 5 0 
13 148 8 3 6 
14 157 140 7 4 
15 14 114 2 0 
16 144 39 1 5 
17 50 0 4 8 
18 40 98 2 0 
19 103 13 4 2 
20 121 46 3 1 
21 128 166 4 4 
22 157 61 3 0 
23 116 131 0 2 
24 159 42 7 3 
25 81 61 6 4 
26 9 168 8 4 
27 197 173 5 0 
28 24 61 0 1 
29 59 33 3 7 
30 66 119 1 5 
31 30 126 4 6 
32 126 165 8 3 
33 127 29 5 8 
34 168 172 8 4 
35 173 28 2 3 
36 133 53 3 2 
37 131 167 5 4 
38 183 58 7 4 
39 181 158 2 0 
40 190 170 1 4 
41 151 130 7 3 
42 20 195 8 4 
43 92 30 2 2 
44 13 109 4 8 
45 194 190 5 2 
46 172 76 7 6 
47 104 170 6 5 
48 22 176 8 0 
49 149 124 3 2 
50 95 8 5 0 
51 179 25 0 7 
52 82 171 0 8 
53 151 170 2 0 
54 99 8 5 6 
55 190 77 4 7 
56 177 60 6 1 
57 156 50 8 2 
58 47 51 1 0 
59 67 104 3 1 
60 175 102 4 3 
61 144 63 2 5 
62 131 57 7 0 
63 96 135 7 4 
64 111 63 2 2 
65 190 142 1 0 
66 186 64 6 8 
67 62 50 8 1 
68 117 128 7 1 
69 184 151 4 8 
70 78 62 6 3 
71 144 151 6 7 
72 78 6 1 6 
73 150 109 6 2 
74 47 91 3 7 
75 115 62 4 1 
76 65 19 1 3 
77 58 132 8 4 
78 131 188 2 5 
79 65 128 3 5 
80 31 153 3 7 
81 17 86 6 6 
82 186 96 6 3 
83 95 129 8 7 
84 191 49 4 6 
85 107 194 3 5 
86 63 12 5 7 
87 167 47 0 7 
88 20 144 7 7 
89 19 96 2 1 
90 93 97 8 7 
91 34 122 8 2 
92 107 35 3 4 
93 48 21 5 7 
94 93 130 1 4 
95 41 36 2 8 
96 85 92 7 3 
97 148 6 6 3 
98 31 93 1 5 
99 121 17 4 0 
