N 100 
0 100 100 0 6 
1 51 170 6 4 
2 111 131 1 0 
3 53 48 2 6 
4 156 124 1 8 
5 95 157 6 0 
6 85 177 0 6 
7 7 23 3 4 
8 42 188 2 4 
9 153 128 7 4 
10 8 74 5 3 
11 61 138 6 3 
12 173 152 6 7 
13 75 65 2 0 
14 144 45 6 3 
15 132 34 6 1 
16 47 19 0 1 
17 104 166 6 1 
18 143 19 5 2 
19 62 142 0 1 
20 85 38 6 4 
21 64 70 0 7 
22 83 52 4 8 
23 11 175 5 8 
24 81 166 2 0 
25 19 93 5 1 
26 80 98 1 6 
27 190 135 4 2 
28 139 189 1 3 
29 54 165 7 1 
30 31 118 2 7 
31 21 52 1 3 
32 180 197 2 6 
33 127 14 6 1 
34 109 180 7 2 
35 131 59 7 1 
36 152 138 3 8 
37 181 109 3 4 
38 137 180 0 3 
39 54 132 1 0 
40 187 90 0 2 
41 175 142 3 0 
42 173 58 3 2 
43 128 101 4 0 
44 131 191 7 4 
45 106 41 2 7 
46 21 161 8 3 
47 184 104 2 0 
48 92 185 5 6 
49 172 134 2 7 
50 184 91 7 4 
51 112 83 0 8 
52 10 121 4 2 
53 25 159 2 3 
54 200 104 5 0 
55 124 190 7 3 
56 60 142 0 3 
57 177 31 3 2 
58 60 168 8 1 
59 106 79 7 0 
60 106 184 3 6 
61 173 1 1 0 
62 108 184 0 6 
63 86 165 3 4 
64 15 18 0 3 
65 189 114 5 4 
66 80 88 1 0 
67 164 8 6 1 
68 155 145 4 6 
69 147 157 3 1 
70 1 156 4 0 
71 81 181 2 5 
72 13 36 5 8 
73 199 164 7 3 
74 106 34 0 7 
75 65 175 7 4 
76 40 191 3 1 
77 52 162 3 1 
78 95 20 8 2 
79 119 166 3 7 
80 176 130 7 2 
81 56 140 8 7 
82 100 47 6 2 
83 24 80 2 1 
84 187 72 6 7 
85 192 45 0 8 
86 52 111 1 7 
87 115 113 2 7 
88 75 52 5 6 
89 70 172 0 2 
90 31 190 6 4 
91 119 161 0 5 
92 108 92 8 7 
93 51 20 6 1 
94 167 175 2 4 
95 163 158 7 6 
96 67 101 3 5 
97 31 135 0 6 
98 163 73 2 4 
99 52 28 3 8 
