N 100 
0 100 100 1 1 
1 146 98 4 7 
2 27 116 1 5 
3 164 98 3 1 
4 180 93 8 4 
5 43 16 2 7 
6 92 23 1 0 
7 43 20 0 1 
8 77 13 3 6 
9 185 135 1 5 
10 193 188 6 8 
11 121 42 3 7 
12 140 72 1 4 
13 109 107 7 3 
14 79 31 5 3 
15 79 44 8 1 
16 127 30 5 6 
17 53 160 4 7 
18 82 46 4 5 
19 142 0 0 6 
20 120 126 4 1 
21 98 78 7 5 
22 172 3 3 3 
23 67 64 5 2 
24 189 48 8 8 
25 190 127 6 5 
26 121 173 5 1 
27 39 14 1 4 
28 99 164 4 6 
29 55 24 7 5 
30 7 126 3 7 
31 6 36 4 1 
32 152 197 6 2 
33 158 97 7 7 
34 22 44 2 6 
35 1 20 1 2 
36 3 174 5 6 
37 121 60 8 1 
38 19 194 8 1 
39 46 40 2 1 
40 18 197 5 4 
41 130 8 4 7 
42 169 25 5 0 
43 105 142 8 5 
44 67 158 6 2 
45 192 19 5 2 
46 146 2 5 7 
47 46 183 5 7 
48 118 174 6 6 
49 179 46 4 5 
50 11 106 0 2 
51 180 155 1 3 
52 62 74 7 0 
53 53 13 0 4 
54 55 7 2 5 
55 158 156 3 7 
56 42 93 7 5 
57 56 103 7 2 
58 179 108 1 5 
59 149 20 6 3 
60 197 99 0 3 
61 42 79 6 2 
62 64 97 5 7 
63 131 4 1 3 
64 29 67 7 2 
65 1 16 1 4 
66 112 38 2 5 
67 12 162 8 1 
68 190 57 4 3 
69 0 161 3 0 
70 186 150 7 3 
71 167 93 2 6 
72 78 15 0 1 
73 101 147 4 3 
74 179 177 4 4 
75 127 157 6 0 
76 101 110 1 8 
77 18 46 5 2 
78 94 111 7 0 
79 154 151 5 0 
80 33 96 4 6 
81 196 93 2 4 
82 91 17 8 4 
83 172 138 1 3 
84 65 98 5 3 
85 50 44 2 2 
86 169 176 5 2 
87 81 173 6 5 
88 194 73 0 5 
89 157 105 7 7 
90 34 6 0 6 
91 68 140 0 8 
92 88 115 5 8 
93 51 109 1 4 
94 180 82 7 5 
95 102 17 0 6 
96 183 156 7 1 
97 61 151 4 0 
98 162 51 5 5 
99 111 134 6 7 
