N 100 
0 100 100 8 1 
1 108 66 1 8 
2 125 64 5 7 
3 102 39 1 2 
4 155 182 7 6 
5 172 37 1 8 
6 167 191 7 8 
7 98 179 7 2 
8 63 135 7 0 
9 3 85 2 1 
10 18 47 5 2 
11 120 9 5 4 
12 61 17 0 8 
13 115 162 8 5 
14 184 117 1 3 
15 5 1 6 7 
16 172 112 3 8 
17 29 132 4 0 
18 4 180 6 3 
19 46 10 3 4 
20 59 74 6 8 
21 90 145 2 6 
22 187 26 1 2 
23 27 13 1 4 
24 151 25 1 7 
25 70 28 1 7 
26 31 141 3 6 
27 98 118 1 5 
28 156 97 0 7 
29 165 189 2 6 
30 49 4 1 5 
31 55 144 7 8 
32 45 23 6 4 
33 33 25 5 2 
34 169 77 0 1 
35 66 86 2 6 
36 37 174 4 6 
37 20 78 1 8 
38 64 8 2 7 
39 168 27 7 8 
40 165 149 1 6 
41 69 84 2 1 
42 2 12 0 7 
43 198 77 6 0 
44 50 150 6 2 
45 31 185 0 5 
46 116 192 4 8 
47 102 93 7 8 
48 166 8 3 8 
49 42 180 0 5 
50 124 140 1 3 
51 193 124 8 4 
52 176 49 6 4 
53 130 13 4 8 
54 14 114 4 7 
55 91 91 0 5 
56 167 40 0 4 
57 128 113 5 3 
58 21 51 7 2 
59 161 87 8 6 
60 24 38 5 0 
61 94 193 2 5 
62 58 173 2 1 
63 164 89 1 5 
64 173 136 2 8 
65 151 123 4 1 
66 78 82 4 0 
67 128 104 8 6 
68 94 102 4 5 
69 112 184 3 8 
70 152 116 2 7 
71 110 119 1 3 
72 156 94 2 1 
73 51 15 4 3 
74 122 48 1 7 
75 7 4 3 6 
76 11 153 5 0 
77 3 34 1 6 
78 83 151 2 0 
79 92 37 4 7 
80 113 74 8 6 
81 115 81 4 7 
82 198 25 2 8 
83 97 161 2 4 
84 79 90 7 4 
85 194 188 2 4 
86 53 146 3 7 
87 137 30 2 6 
88 110 42 2 8 
89 186 145 6 4 
90 118 60 8 3 
91 26 90 4 1 
92 109 102 3 0 
93 93 6 7 2 
94 16 39 5 2 
95 164 189 5 7 
96 199 45 8 3 
97 60 27 0 3 
98 137 184 3 7 
99 154 195 8 7 
