N 100 
0 100 100 7 7 
1 71 69 3 8 
2 96 65 7 6 
3 177 124 5 0 
4 190 3 5 1 
5 76 1 7 2 
6 187 21 2 1 
7 4 163 0 2 
8 189 51 7 3 
9 117 23 7 6 
10 11 11 4 5 
11 184 152 8 0 
12 124 128 7 5 
13 60 161 2 6 
14 113 136 5 0 
15 90 34 1 3 
16 141 62 3 5 
17 182 161 5 0 
18 130 156 6 4 
19 105 165 7 4 
20 195 43 4 2 
21 24 38 5 5 
22 119 99 2 0 
23 47 25 8 4 
24 29 172 7 2 
25 121 103 2 0 
26 64 84 6 5 
27 18 73 1 7 
28 181 163 7 5 
29 88 62 4 2 
30 39 94 5 5 
31 99 115 2 0 
32 111 71 6 8 
33 157 47 2 2 
34 88 107 8 5 
35 32 111 4 5 
36 148 113 4 8 
37 74 155 5 1 
38 79 175 3 7 
39 131 175 8 4 
40 169 83 1 2 
41 17 91 3 8 
42 100 111 1 7 
43 12 93 3 2 
44 4 128 1 1 
45 113 180 5 3 
46 195 189 2 3 
47 75 169 4 2 
48 99 131 6 2 
49 72 182 0 7 
50 192 166 7 2 
51 147 90 8 4 
52 57 80 3 8 
53 106 74 4 4 
54 127 88 0 4 
55 188 66 6 6 
56 85 148 2 4 
57 102 19 2 3 
58 164 72 5 7 
59 100 158 7 6 
60 166 45 1 3 
61 129 142 0 1 
62 199 171 8 3 
63 76 55 5 3 
64 126 66 5 7 
65 173 102 7 4 
66 102 137 5 4 
67 28 129 8 1 
68 41 92 6 4 
69 77 23 2 4 
70 25 177 8 0 
71 91 121 6 0 
72 131 176 1 8 
73 174 155 2 8 
74 82 8 5 4 
75 180 180 5 4 
76 102 74 7 0 
77 175 148 6 0 
78 194 161 2 2 
79 75 54 4 2 
80 11 18 2 1 
81 111 14 6 8 
82 47 22 4 4 
83 194 56 8 7 
84 179 159 2 0 
85 176 90 4 5 
86 153 91 1 0 
87 126 194 4 6 
88 23 199 4 0 
89 131 35 5 3 
90 94 111 1 4 
91 14 155 5 4 
92 85 30 1 7 
93 78 38 5 5 
94 9 125 7 3 
95 23 74 6 1 
96 15 154 8 5 
97 65 46 0 6 
98 176 2 1 6 
99 139 176 3 1 
