N 100 
0 100 100 6 5 
1 118 31 0 6 
2 108 181 2 5 
3 122 85 8 2 
4 6 14 6 3 
5 106 182 6 8 
6 62 156 3 1 
7 2 195 4 3 
8 40 5 2 8 
9 147 169 8 7 
10 38 68 5 7 
11 1 136 3 4 
12 193 186 3 7 
13 76 79 2 6 
14 60 44 0 1 
15 70 40 7 0 
16 14 193 5 8 
17 156 36 0 2 
18 156 145 4 3 
19 19 54 1 0 
20 198 172 8 5 
21 88 191 3 2 
22 72 185 5 7 
23 45 91 4 4 
24 137 66 8 0 
25 196 19 6 3 
26 121 62 8 1 
27 74 122 0 1 
28 93 124 6 8 
29 80 111 1 3 
30 34 124 6 1 
31 55 75 4 7 
32 185 69 1 8 
33 74 151 1 6 
34 114 119 7 3 
35 118 158 1 1 
36 176 0 2 3 
37 33 123 8 3 
38 164 112 8 3 
39 186 141 6 2 
40 127 119 5 3 
41 76 163 3 3 
42 41 188 5 0 
43 49 182 0 1 
44 149 84 1 1 
45 27 158 4 7 
46 193 109 3 4 
47 11 48 1 7 
48 161 156 0 6 
49 105 153 6 6 
50 189 172 2 2 
51 24 39 4 8 
52 155 96 7 1 
53 170 73 8 0 
54 152 99 4 8 
55 42 32 8 7 
56 172 149 5 6 
57 116 138 7 2 
58 72 72 0 5 
59 190 30 2 2 
60 132 198 8 2 
61 183 119 8 0 
62 185 19 7 2 
63 158 43 6 5 
64 143 56 4 3 
65 95 170 4 4 
66 159 85 7 7 
67 167 34 3 2 
68 43 182 5 7 
69 60 160 5 7 
70 147 45 1 4 
71 150 178 0 4 
72 83 95 5 5 
73 17 26 7 7 
74 101 120 4 8 
75 166 180 7 8 
76 87 182 8 0 
77 22 85 1 8 
78 106 39 4 5 
79 19 127 3 0 
80 43 92 3 8 
81 20 133 7 2 
82 175 45 7 1 
83 134 115 6 0 
84 18 150 6 7 
85 92 103 5 1 
86 14 47 7 2 
87 87 131 0 8 
88 22 148 3 2 
89 105 169 5 0 
90 157 115 6 8 
91 113 25 5 3 
92 180 50 3 0 
93 74 56 1 2 
94 85 198 0 5 
95 141 191 1 4 
96 175 41 1 8 
97 165 112 7 7 
98 72 56 0 1 
99 115 166 8 5 
