N 100 
0 100 100 7 5 
1 22 135 1 1 
2 133 78 4 8 
3 49 13 6 2 
4 101 143 8 3 
5 36 181 0 4 
6 93 190 3 6 
7 174 110 3 5 
8 168 12 8 3 
9 35 30 4 1 
10 21 142 6 4 
11 106 34 1 7 
12 2 134 0 1 
13 172 62 7 3 
14 103 10 1 0 
15 41 161 3 5 
16 150 16 3 3 
17 53 55 3 3 
18 198 86 1 3 
19 18 162 7 8 
20 171 74 7 8 
21 154 41 1 1 
22 27 1 7 7 
23 199 2 3 5 
24 8 200 5 0 
25 191 106 1 1 
26 21 95 4 7 
27 38 7 2 8 
28 124 66 4 1 
29 37 100 8 8 
30 98 113 3 1 
31 128 194 1 7 
32 198 125 6 5 
33 84 84 8 3 
34 61 112 3 6 
35 171 140 7 2 
36 64 84 2 0 
37 39 104 4 7 
38 101 45 3 6 
39 104 78 6 8 
40 15 20 1 2 
41 121 84 3 6 
42 5 193 3 0 
43 137 67 1 0 
44 48 106 0 6 
45 58 87 1 7 
46 99 156 4 1 
47 168 2 2 1 
48 62 122 5 8 
49 103 187 6 6 
50 33 187 0 5 
51 80 77 1 7 
52 42 194 1 7 
53 186 165 2 7 
54 153 157 1 3 
55 68 117 2 3 
56 92 197 0 2 
57 37 182 8 0 
58 38 19 3 6 
59 33 65 1 0 
60 3 113 0 3 
61 170 173 0 3 
62 152 171 1 2 
63 77 4 6 8 
64 9 85 0 6 
65 143 173 1 5 
66 161 191 8 3 
67 25 120 7 6 
68 126 72 0 2 
69 200 51 3 0 
70 75 87 5 7 
71 114 139 0 8 
72 39 7 2 6 
73 181 38 1 4 
74 1 167 2 3 
75 195 3 7 7 
76 117 118 7 1 
77 33 36 7 2 
78 78 10 0 8 
79 157 116 0 5 
80 112 53 3 3 
81 8 133 5 7 
82 73 62 0 6 
83 52 111 6 3 
84 18 149 0 5 
85 160 189 3 8 
86 147 76 8 4 
87 94 22 8 2 
88 39 140 8 4 
89 94 198 8 8 
90 16 40 1 6 
91 59 33 4 1 
92 157 108 5 8 
93 136 59 5 6 
94 138 28 6 3 
95 158 98 7 2 
96 85 19 8 2 
97 200 165 0 0 
98 153 196 6 0 
99 178 196 3 5 
