N 100 
0 100 100 0 5 
1 154 176 2 8 
2 49 39 3 4 
3 72 125 3 0 
4 115 76 5 1 
5 122 5 1 8 
6 4 146 1 2 
7 66 106 8 3 
8 83 154 7 8 
9 74 113 7 3 
10 140 119 3 2 
11 100 62 6 4 
12 109 183 7 6 
13 139 105 6 5 
14 48 83 1 4 
15 105 28 8 5 
16 7 172 5 6 
17 195 198 5 4 
18 110 54 4 2 
19 7 74 3 1 
20 11 81 6 3 
21 47 150 6 1 
22 200 89 6 0 
23 32 123 2 0 
24 80 134 7 5 
25 158 90 2 8 
26 100 14 5 7 
27 197 36 6 0 
28 9 54 8 6 
29 137 141 1 3 
30 189 106 3 4 
31 58 125 5 6 
32 96 64 6 5 
33 38 50 5 7 
34 147 136 0 1 
35 28 92 3 1 
36 26 31 2 3 
37 34 145 8 6 
38 7 168 5 8 
39 55 109 8 1 
40 110 22 6 3 
41 159 69 4 5 
42 190 111 0 2 
43 187 96 2 8 
44 81 8 0 7 
45 44 85 4 5 
46 195 168 5 0 
47 130 94 6 3 
48 107 188 8 5 
49 56 84 8 5 
50 185 39 1 1 
51 22 174 0 5 
52 60 158 4 6 
53 158 162 8 4 
54 69 182 0 3 
55 40 87 3 7 
56 27 155 7 7 
57 53 36 6 1 
58 98 177 2 0 
59 8 49 6 6 
60 15 134 2 8 
61 109 174 6 8 
62 199 120 3 0 
63 176 96 1 7 
64 11 172 1 8 
65 73 102 3 3 
66 166 156 2 6 
67 99 92 8 5 
68 190 17 2 6 
69 107 95 7 3 
70 184 61 7 6 
71 8 84 4 0 
72 138 33 6 0 
73 173 11 3 3 
74 9 7 0 8 
75 18 115 4 8 
76 43 14 3 2 
77 46 4 7 6 
78 148 96 1 3 
79 128 70 8 2 
80 116 9 6 3 
81 140 152 8 2 
82 157 46 1 8 
83 139 75 4 4 
84 58 146 4 4 
85 116 195 4 6 
86 102 10 2 1 
87 172 170 0 6 
88 113 137 0 7 
89 77 50 7 7 
90 55 113 3 8 
91 188 84 6 5 
92 63 80 5 8 
93 28 131 0 2 
94 149 48 7 7 
95 143 44 6 6 
96 161 110 2 7 
97 63 127 3 8 
98 93 156 5 6 
99 196 79 0 7 
